onset	duration	trial_type	event_type	block	trial_total	trial_in_block	food_image_code	food_image_path	button_position	resp_position	resp_choice	choice_rt	resp_too_slow	sample	trigger
164.69140625	2	n/a	blockStart	1	n/a	n/a	n/a	n/a	n/a	n/a	n/a	n/a	n/a	84323	250
166.732421875	1	health	trialStart	1	1	1	foodImage.9	FOODEEG_Images\0138.jpg	YN	Right	No	1.00101519999953	0	85368	251
167.794921875	2	health	foodImageDisplay	1	1	1	foodImage.9	FOODEEG_Images\0138.jpg	YN	Right	No	1.00101519999953	0	85912	252
169.861328125	1.00101519999953	health	choicePhaseStart	1	1	1	foodImage.9	FOODEEG_Images\0138.jpg	YN	Right	No	1.00101519999953	0	86970	253
170.85546875	0	health	response	1	1	1	foodImage.9	FOODEEG_Images\0138.jpg	YN	Right	No	1.00101519999953	0	87479	235
171.94140625	1	taste	trialStart	1	2	2	foodImage.118	FOODEEG_Images\0926.jpg	YN	Right	No	0.669659700000921	0	88035	251
172.990234375	2	taste	foodImageDisplay	1	2	2	foodImage.118	FOODEEG_Images\0926.jpg	YN	Right	No	0.669659700000921	0	88572	252
175.0625	0.669659700000921	taste	choicePhaseStart	1	2	2	foodImage.118	FOODEEG_Images\0926.jpg	YN	Right	No	0.669659700000921	0	89633	253
175.728515625	0	taste	response	1	2	2	foodImage.118	FOODEEG_Images\0926.jpg	YN	Right	No	0.669659700000921	0	89974	235
176.791015625	1	taste	trialStart	1	3	3	foodImage.64	FOODEEG_Images\0647.jpg	YN	Left	Yes	0.679892200001632	0	90518	251
177.85546875	2	taste	foodImageDisplay	1	3	3	foodImage.64	FOODEEG_Images\0647.jpg	YN	Left	Yes	0.679892200001632	0	91063	252
179.919921875	0.679892200001632	taste	choicePhaseStart	1	3	3	foodImage.64	FOODEEG_Images\0647.jpg	YN	Left	Yes	0.679892200001632	0	92120	253
180.591796875	0	taste	response	1	3	3	foodImage.64	FOODEEG_Images\0647.jpg	YN	Left	Yes	0.679892200001632	0	92464	234
181.63671875	1	decision	trialStart	1	4	4	foodImage.29	FOODEEG_Images\0278.jpg	NY	Right	Yes	0.94269229999918	0	92999	251
182.6796875	2	decision	foodImageDisplay	1	4	4	foodImage.29	FOODEEG_Images\0278.jpg	NY	Right	Yes	0.94269229999918	0	93533	252
184.744140625	0.94269229999918	decision	choicePhaseStart	1	4	4	foodImage.29	FOODEEG_Images\0278.jpg	NY	Right	Yes	0.94269229999918	0	94590	253
185.6796875	0	decision	response	1	4	4	foodImage.29	FOODEEG_Images\0278.jpg	NY	Right	Yes	0.94269229999918	0	95069	235
186.720703125	1	decision	trialStart	1	5	5	foodImage.110	FOODEEG_Images\0918.jpg	YN	Right	No	0.939373000001069	0	95602	251
187.763671875	2	decision	foodImageDisplay	1	5	5	foodImage.110	FOODEEG_Images\0918.jpg	YN	Right	No	0.939373000001069	0	96136	252
189.828125	0.939373000001069	decision	choicePhaseStart	1	5	5	foodImage.110	FOODEEG_Images\0918.jpg	YN	Right	No	0.939373000001069	0	97193	253
190.759765625	0	decision	response	1	5	5	foodImage.110	FOODEEG_Images\0918.jpg	YN	Right	No	0.939373000001069	0	97670	235
191.8125	1	decision	trialStart	1	6	6	foodImage.116	FOODEEG_Images\0924.jpg	NY	Left	No	0.713924400002725	0	98209	251
192.8515625	2	decision	foodImageDisplay	1	6	6	foodImage.116	FOODEEG_Images\0924.jpg	NY	Left	No	0.713924400002725	0	98741	252
194.91796875	0.713924400002725	decision	choicePhaseStart	1	6	6	foodImage.116	FOODEEG_Images\0924.jpg	NY	Left	No	0.713924400002725	0	99799	253
195.623046875	0	decision	response	1	6	6	foodImage.116	FOODEEG_Images\0924.jpg	NY	Left	No	0.713924400002725	0	100160	234
196.666015625	1	taste	trialStart	1	7	7	foodImage.107	FOODEEG_Images\0915.jpg	NY	Right	Yes	1.59251720000248	0	100694	251
197.703125	2	taste	foodImageDisplay	1	7	7	foodImage.107	FOODEEG_Images\0915.jpg	NY	Right	Yes	1.59251720000248	0	101225	252
199.767578125	1.59251720000248	taste	choicePhaseStart	1	7	7	foodImage.107	FOODEEG_Images\0915.jpg	NY	Right	Yes	1.59251720000248	0	102282	253
201.3515625	0	taste	response	1	7	7	foodImage.107	FOODEEG_Images\0915.jpg	NY	Right	Yes	1.59251720000248	0	103093	235
202.396484375	1	health	trialStart	1	8	8	foodImage.77	FOODEEG_Images\0771.jpg	YN	Left	Yes	0.966444000001502	0	103628	251
203.44140625	2	health	foodImageDisplay	1	8	8	foodImage.77	FOODEEG_Images\0771.jpg	YN	Left	Yes	0.966444000001502	0	104163	252
205.50390625	0.966444000001502	health	choicePhaseStart	1	8	8	foodImage.77	FOODEEG_Images\0771.jpg	YN	Left	Yes	0.966444000001502	0	105219	253
206.462890625	0	health	response	1	8	8	foodImage.77	FOODEEG_Images\0771.jpg	YN	Left	Yes	0.966444000001502	0	105710	234
207.505859375	1	health	trialStart	1	9	9	foodImage.74	FOODEEG_Images\0752.jpg	NY	Right	Yes	0.931347099998675	0	106244	251
208.548828125	2	health	foodImageDisplay	1	9	9	foodImage.74	FOODEEG_Images\0752.jpg	NY	Right	Yes	0.931347099998675	0	106778	252
210.619140625	0.931347099998675	health	choicePhaseStart	1	9	9	foodImage.74	FOODEEG_Images\0752.jpg	NY	Right	Yes	0.931347099998675	0	107838	253
211.54296875	0	health	response	1	9	9	foodImage.74	FOODEEG_Images\0752.jpg	NY	Right	Yes	0.931347099998675	0	108311	235
212.587890625	1	health	trialStart	1	10	10	foodImage.78	FOODEEG_Images\0787.jpg	NY	Right	Yes	1.89108579999811	0	108846	251
213.6328125	2	health	foodImageDisplay	1	10	10	foodImage.78	FOODEEG_Images\0787.jpg	NY	Right	Yes	1.89108579999811	0	109381	252
215.703125	1.89108579999811	health	choicePhaseStart	1	10	10	foodImage.78	FOODEEG_Images\0787.jpg	NY	Right	Yes	1.89108579999811	0	110441	253
217.58984375	0	health	response	1	10	10	foodImage.78	FOODEEG_Images\0787.jpg	NY	Right	Yes	1.89108579999811	0	111407	235
218.6328125	1	decision	trialStart	1	11	11	foodImage.41	FOODEEG_Images\0409.jpg	YN	Right	No	0.950046099998872	0	111941	251
219.6796875	2	decision	foodImageDisplay	1	11	11	foodImage.41	FOODEEG_Images\0409.jpg	YN	Right	No	0.950046099998872	0	112477	252
221.744140625	0.950046099998872	decision	choicePhaseStart	1	11	11	foodImage.41	FOODEEG_Images\0409.jpg	YN	Right	No	0.950046099998872	0	113534	253
222.685546875	0	decision	response	1	11	11	foodImage.41	FOODEEG_Images\0409.jpg	YN	Right	No	0.950046099998872	0	114016	235
223.728515625	1	taste	trialStart	1	12	12	foodImage.71	FOODEEG_Images\0713.jpg	YN	Right	No	1.26167150000038	0	114550	251
224.76953125	2	taste	foodImageDisplay	1	12	12	foodImage.71	FOODEEG_Images\0713.jpg	YN	Right	No	1.26167150000038	0	115083	252
226.83203125	1.26167150000038	taste	choicePhaseStart	1	12	12	foodImage.71	FOODEEG_Images\0713.jpg	YN	Right	No	1.26167150000038	0	116139	253
228.0859375	0	taste	response	1	12	12	foodImage.71	FOODEEG_Images\0713.jpg	YN	Right	No	1.26167150000038	0	116781	235
229.12890625	1	health	trialStart	1	13	13	foodImage.81	FOODEEG_Images\0797.jpg	YN	Left	Yes	3.81886520000262	0	117315	251
230.1875	2	health	foodImageDisplay	1	13	13	foodImage.81	FOODEEG_Images\0797.jpg	YN	Left	Yes	3.81886520000262	0	117857	252
232.25	3.81886520000262	health	choicePhaseStart	1	13	13	foodImage.81	FOODEEG_Images\0797.jpg	YN	Left	Yes	3.81886520000262	0	118913	253
236.060546875	0	health	response	1	13	13	foodImage.81	FOODEEG_Images\0797.jpg	YN	Left	Yes	3.81886520000262	0	120864	234
237.103515625	1	taste	trialStart	1	14	14	foodImage.9	FOODEEG_Images\0138.jpg	NY	Left	No	1.16928789999656	0	121398	251
238.162109375	2	taste	foodImageDisplay	1	14	14	foodImage.9	FOODEEG_Images\0138.jpg	NY	Left	No	1.16928789999656	0	121940	252
240.228515625	1.16928789999656	taste	choicePhaseStart	1	14	14	foodImage.9	FOODEEG_Images\0138.jpg	NY	Left	No	1.16928789999656	0	122998	253
241.390625	0	taste	response	1	14	14	foodImage.9	FOODEEG_Images\0138.jpg	NY	Left	No	1.16928789999656	0	123593	234
242.4375	1	decision	trialStart	1	15	15	foodImage.81	FOODEEG_Images\0797.jpg	YN	Left	Yes	1.68450400000074	0	124129	251
243.494140625	2	decision	foodImageDisplay	1	15	15	foodImage.81	FOODEEG_Images\0797.jpg	YN	Left	Yes	1.68450400000074	0	124670	252
245.560546875	1.68450400000074	decision	choicePhaseStart	1	15	15	foodImage.81	FOODEEG_Images\0797.jpg	YN	Left	Yes	1.68450400000074	0	125728	253
247.236328125	0	decision	response	1	15	15	foodImage.81	FOODEEG_Images\0797.jpg	YN	Left	Yes	1.68450400000074	0	126586	234
248.279296875	1	health	trialStart	1	16	16	foodImage.54	FOODEEG_Images\0560.jpg	YN	Left	Yes	1.45124950000172	0	127120	251
249.337890625	2	health	foodImageDisplay	1	16	16	foodImage.54	FOODEEG_Images\0560.jpg	YN	Left	Yes	1.45124950000172	0	127662	252
251.40234375	1.45124950000172	health	choicePhaseStart	1	16	16	foodImage.54	FOODEEG_Images\0560.jpg	YN	Left	Yes	1.45124950000172	0	128719	253
252.84375	0	health	response	1	16	16	foodImage.54	FOODEEG_Images\0560.jpg	YN	Left	Yes	1.45124950000172	0	129457	234
253.88671875	1	taste	trialStart	1	17	17	foodImage.20	FOODEEG_Images\0226.jpg	YN	Right	No	0.780989599999884	0	129991	251
254.9296875	2	taste	foodImageDisplay	1	17	17	foodImage.20	FOODEEG_Images\0226.jpg	YN	Right	No	0.780989599999884	0	130525	252
256.9921875	0.780989599999884	taste	choicePhaseStart	1	17	17	foodImage.20	FOODEEG_Images\0226.jpg	YN	Right	No	0.780989599999884	0	131581	253
257.763671875	0	taste	response	1	17	17	foodImage.20	FOODEEG_Images\0226.jpg	YN	Right	No	0.780989599999884	0	131976	235
258.806640625	1	decision	trialStart	1	18	18	foodImage.96	FOODEEG_Images\0904.jpg	NY	Left	No	1.30505740000081	0	132510	251
259.85546875	2	decision	foodImageDisplay	1	18	18	foodImage.96	FOODEEG_Images\0904.jpg	NY	Left	No	1.30505740000081	0	133047	252
261.919921875	1.30505740000081	decision	choicePhaseStart	1	18	18	foodImage.96	FOODEEG_Images\0904.jpg	NY	Left	No	1.30505740000081	0	134104	253
263.220703125	0	decision	response	1	18	18	foodImage.96	FOODEEG_Images\0904.jpg	NY	Left	No	1.30505740000081	0	134770	234
264.26171875	1	decision	trialStart	1	19	19	foodImage.32	FOODEEG_Images\0319.jpg	NY	Right	Yes	0.850477899999532	0	135303	251
265.306640625	2	decision	foodImageDisplay	1	19	19	foodImage.32	FOODEEG_Images\0319.jpg	NY	Right	Yes	0.850477899999532	0	135838	252
267.37109375	0.850477899999532	decision	choicePhaseStart	1	19	19	foodImage.32	FOODEEG_Images\0319.jpg	NY	Right	Yes	0.850477899999532	0	136895	253
268.212890625	0	decision	response	1	19	19	foodImage.32	FOODEEG_Images\0319.jpg	NY	Right	Yes	0.850477899999532	0	137326	235
269.25390625	1	decision	trialStart	1	20	20	foodImage.64	FOODEEG_Images\0647.jpg	YN	Left	Yes	0.92698929999824	0	137859	251
270.310546875	2	decision	foodImageDisplay	1	20	20	foodImage.64	FOODEEG_Images\0647.jpg	YN	Left	Yes	0.92698929999824	0	138400	252
272.380859375	0.92698929999824	decision	choicePhaseStart	1	20	20	foodImage.64	FOODEEG_Images\0647.jpg	YN	Left	Yes	0.92698929999824	0	139460	253
273.298828125	0	decision	response	1	20	20	foodImage.64	FOODEEG_Images\0647.jpg	YN	Left	Yes	0.92698929999824	0	139930	234
274.341796875	1	health	trialStart	1	21	21	foodImage.41	FOODEEG_Images\0409.jpg	NY	Right	Yes	1.24776600000041	0	140464	251
275.41015625	2	health	foodImageDisplay	1	21	21	foodImage.41	FOODEEG_Images\0409.jpg	NY	Right	Yes	1.24776600000041	0	141011	252
277.4765625	1.24776600000041	health	choicePhaseStart	1	21	21	foodImage.41	FOODEEG_Images\0409.jpg	NY	Right	Yes	1.24776600000041	0	142069	253
278.71484375	0	health	response	1	21	21	foodImage.41	FOODEEG_Images\0409.jpg	NY	Right	Yes	1.24776600000041	0	142703	235
279.7578125	1	health	trialStart	1	22	22	foodImage.51	FOODEEG_Images\0536.jpg	NY	Left	No	1.29055430000153	0	143237	251
280.802734375	2	health	foodImageDisplay	1	22	22	foodImage.51	FOODEEG_Images\0536.jpg	NY	Left	No	1.29055430000153	0	143772	252
282.865234375	1.29055430000153	health	choicePhaseStart	1	22	22	foodImage.51	FOODEEG_Images\0536.jpg	NY	Left	No	1.29055430000153	0	144828	253
284.146484375	0	health	response	1	22	22	foodImage.51	FOODEEG_Images\0536.jpg	NY	Left	No	1.29055430000153	0	145484	234
285.1875	1	health	trialStart	1	23	23	foodImage.100	FOODEEG_Images\0908.jpg	NY	Left	No	1.42714360000173	0	146017	251
286.2265625	2	health	foodImageDisplay	1	23	23	foodImage.100	FOODEEG_Images\0908.jpg	NY	Left	No	1.42714360000173	0	146549	252
288.2890625	1.42714360000173	health	choicePhaseStart	1	23	23	foodImage.100	FOODEEG_Images\0908.jpg	NY	Left	No	1.42714360000173	0	147605	253
289.70703125	0	health	response	1	23	23	foodImage.100	FOODEEG_Images\0908.jpg	NY	Left	No	1.42714360000173	0	148331	234
290.75	1	health	trialStart	1	24	24	foodImage.50	FOODEEG_Images\0529.jpg	NY	Right	Yes	1.13079969999671	0	148865	251
291.80859375	2	health	foodImageDisplay	1	24	24	foodImage.50	FOODEEG_Images\0529.jpg	NY	Right	Yes	1.13079969999671	0	149407	252
293.873046875	1.13079969999671	health	choicePhaseStart	1	24	24	foodImage.50	FOODEEG_Images\0529.jpg	NY	Right	Yes	1.13079969999671	0	150464	253
294.994140625	0	health	response	1	24	24	foodImage.50	FOODEEG_Images\0529.jpg	NY	Right	Yes	1.13079969999671	0	151038	235
296.037109375	1	taste	trialStart	1	25	25	foodImage.15	FOODEEG_Images\0189.jpg	NY	Right	Yes	0.850326199997653	0	151572	251
297.09765625	2	taste	foodImageDisplay	1	25	25	foodImage.15	FOODEEG_Images\0189.jpg	NY	Right	Yes	0.850326199997653	0	152115	252
299.16015625	0.850326199997653	taste	choicePhaseStart	1	25	25	foodImage.15	FOODEEG_Images\0189.jpg	NY	Right	Yes	0.850326199997653	0	153171	253
300.001953125	0	taste	response	1	25	25	foodImage.15	FOODEEG_Images\0189.jpg	NY	Right	Yes	0.850326199997653	0	153602	235
301.044921875	1	health	trialStart	1	26	26	foodImage.33	FOODEEG_Images\0329.jpg	NY	Right	Yes	1.25158300000112	0	154136	251
302.08984375	2	health	foodImageDisplay	1	26	26	foodImage.33	FOODEEG_Images\0329.jpg	NY	Right	Yes	1.25158300000112	0	154671	252
304.15234375	1.25158300000112	health	choicePhaseStart	1	26	26	foodImage.33	FOODEEG_Images\0329.jpg	NY	Right	Yes	1.25158300000112	0	155727	253
305.39453125	0	health	response	1	26	26	foodImage.33	FOODEEG_Images\0329.jpg	NY	Right	Yes	1.25158300000112	0	156363	235
306.435546875	1	health	trialStart	1	27	27	foodImage.21	FOODEEG_Images\0234.jpg	NY	Right	Yes	1.66150159999961	0	156896	251
307.49609375	2	health	foodImageDisplay	1	27	27	foodImage.21	FOODEEG_Images\0234.jpg	NY	Right	Yes	1.66150159999961	0	157439	252
309.564453125	1.66150159999961	health	choicePhaseStart	1	27	27	foodImage.21	FOODEEG_Images\0234.jpg	NY	Right	Yes	1.66150159999961	0	158498	253
311.21875	0	health	response	1	27	27	foodImage.21	FOODEEG_Images\0234.jpg	NY	Right	Yes	1.66150159999961	0	159345	235
312.26171875	1	taste	trialStart	1	28	28	foodImage.55	FOODEEG_Images\0567.jpg	NY	Right	Yes	1.45953700000246	0	159879	251
313.3203125	2	taste	foodImageDisplay	1	28	28	foodImage.55	FOODEEG_Images\0567.jpg	NY	Right	Yes	1.45953700000246	0	160421	252
315.3828125	1.45953700000246	taste	choicePhaseStart	1	28	28	foodImage.55	FOODEEG_Images\0567.jpg	NY	Right	Yes	1.45953700000246	0	161477	253
316.833984375	0	taste	response	1	28	28	foodImage.55	FOODEEG_Images\0567.jpg	NY	Right	Yes	1.45953700000246	0	162220	235
317.876953125	1	decision	trialStart	1	29	29	foodImage.75	FOODEEG_Images\0763.jpg	YN	Left	Yes	1.97221459999855	0	162754	251
318.919921875	2	decision	foodImageDisplay	1	29	29	foodImage.75	FOODEEG_Images\0763.jpg	YN	Left	Yes	1.97221459999855	0	163288	252
320.982421875	1.97221459999855	decision	choicePhaseStart	1	29	29	foodImage.75	FOODEEG_Images\0763.jpg	YN	Left	Yes	1.97221459999855	0	164344	253
322.9453125	0	decision	response	1	29	29	foodImage.75	FOODEEG_Images\0763.jpg	YN	Left	Yes	1.97221459999855	0	165349	234
323.994140625	1	taste	trialStart	1	30	30	foodImage.80	FOODEEG_Images\0796.jpg	NY	Right	Yes	1.10504009999931	0	165886	251
325.052734375	2	taste	foodImageDisplay	1	30	30	foodImage.80	FOODEEG_Images\0796.jpg	NY	Right	Yes	1.10504009999931	0	166428	252
327.115234375	1.10504009999931	taste	choicePhaseStart	1	30	30	foodImage.80	FOODEEG_Images\0796.jpg	NY	Right	Yes	1.10504009999931	0	167484	253
328.208984375	0	taste	response	1	30	30	foodImage.80	FOODEEG_Images\0796.jpg	NY	Right	Yes	1.10504009999931	0	168044	235
329.251953125	1	decision	trialStart	1	31	31	foodImage.37	FOODEEG_Images\0359.jpg	NY	Right	Yes	0.884489899999608	0	168578	251
330.294921875	2	decision	foodImageDisplay	1	31	31	foodImage.37	FOODEEG_Images\0359.jpg	NY	Right	Yes	0.884489899999608	0	169112	252
332.357421875	0.884489899999608	decision	choicePhaseStart	1	31	31	foodImage.37	FOODEEG_Images\0359.jpg	NY	Right	Yes	0.884489899999608	0	170168	253
333.234375	0	decision	response	1	31	31	foodImage.37	FOODEEG_Images\0359.jpg	NY	Right	Yes	0.884489899999608	0	170617	235
334.275390625	1	decision	trialStart	1	32	32	foodImage.47	FOODEEG_Images\0488.jpg	NY	Right	Yes	1.12037330000021	0	171150	251
335.318359375	2	decision	foodImageDisplay	1	32	32	foodImage.47	FOODEEG_Images\0488.jpg	NY	Right	Yes	1.12037330000021	0	171684	252
337.38671875	1.12037330000021	decision	choicePhaseStart	1	32	32	foodImage.47	FOODEEG_Images\0488.jpg	NY	Right	Yes	1.12037330000021	0	172743	253
338.498046875	0	decision	response	1	32	32	foodImage.47	FOODEEG_Images\0488.jpg	NY	Right	Yes	1.12037330000021	0	173312	235
339.5390625	1	taste	trialStart	1	33	33	foodImage.104	FOODEEG_Images\0912.jpg	NY	Right	Yes	0.775308699998277	0	173845	251
340.580078125	2	taste	foodImageDisplay	1	33	33	foodImage.104	FOODEEG_Images\0912.jpg	NY	Right	Yes	0.775308699998277	0	174378	252
342.642578125	0.775308699998277	taste	choicePhaseStart	1	33	33	foodImage.104	FOODEEG_Images\0912.jpg	NY	Right	Yes	0.775308699998277	0	175434	253
343.408203125	0	taste	response	1	33	33	foodImage.104	FOODEEG_Images\0912.jpg	NY	Right	Yes	0.775308699998277	0	175826	235
344.451171875	1	taste	trialStart	1	34	34	foodImage.13	FOODEEG_Images\0183.jpg	NY	Left	No	1.33944110000084	0	176360	251
345.494140625	2	taste	foodImageDisplay	1	34	34	foodImage.13	FOODEEG_Images\0183.jpg	NY	Left	No	1.33944110000084	0	176894	252
347.55859375	1.33944110000084	taste	choicePhaseStart	1	34	34	foodImage.13	FOODEEG_Images\0183.jpg	NY	Left	No	1.33944110000084	0	177951	253
348.888671875	0	taste	response	1	34	34	foodImage.13	FOODEEG_Images\0183.jpg	NY	Left	No	1.33944110000084	0	178632	234
349.9296875	1	decision	trialStart	1	35	35	foodImage.108	FOODEEG_Images\0916.jpg	YN	Right	No	1.42093500000192	0	179165	251
350.966796875	2	decision	foodImageDisplay	1	35	35	foodImage.108	FOODEEG_Images\0916.jpg	YN	Right	No	1.42093500000192	0	179696	252
353.029296875	1.42093500000192	decision	choicePhaseStart	1	35	35	foodImage.108	FOODEEG_Images\0916.jpg	YN	Right	No	1.42093500000192	0	180752	253
354.44140625	0	decision	response	1	35	35	foodImage.108	FOODEEG_Images\0916.jpg	YN	Right	No	1.42093500000192	0	181475	235
355.482421875	1	health	trialStart	1	36	36	foodImage.32	FOODEEG_Images\0319.jpg	YN	Right	No	1.22583210000084	0	182008	251
356.53515625	2	health	foodImageDisplay	1	36	36	foodImage.32	FOODEEG_Images\0319.jpg	YN	Right	No	1.22583210000084	0	182547	252
358.599609375	1.22583210000084	health	choicePhaseStart	1	36	36	foodImage.32	FOODEEG_Images\0319.jpg	YN	Right	No	1.22583210000084	0	183604	253
359.81640625	0	health	response	1	36	36	foodImage.32	FOODEEG_Images\0319.jpg	YN	Right	No	1.22583210000084	0	184227	235
360.859375	1	taste	trialStart	1	37	37	foodImage.97	FOODEEG_Images\0905.jpg	YN	Left	Yes	0.895180899999104	0	184761	251
361.8984375	2	taste	foodImageDisplay	1	37	37	foodImage.97	FOODEEG_Images\0905.jpg	YN	Left	Yes	0.895180899999104	0	185293	252
363.962890625	0.895180899999104	taste	choicePhaseStart	1	37	37	foodImage.97	FOODEEG_Images\0905.jpg	YN	Left	Yes	0.895180899999104	0	186350	253
364.84765625	0	taste	response	1	37	37	foodImage.97	FOODEEG_Images\0905.jpg	YN	Left	Yes	0.895180899999104	0	186803	234
365.890625	1	health	trialStart	1	38	38	foodImage.40	FOODEEG_Images\0373.jpg	NY	Left	No	1.42631339999934	0	187337	251
366.939453125	2	health	foodImageDisplay	1	38	38	foodImage.40	FOODEEG_Images\0373.jpg	NY	Left	No	1.42631339999934	0	187874	252
369.01171875	1.42631339999934	health	choicePhaseStart	1	38	38	foodImage.40	FOODEEG_Images\0373.jpg	NY	Left	No	1.42631339999934	0	188935	253
370.431640625	0	health	response	1	38	38	foodImage.40	FOODEEG_Images\0373.jpg	NY	Left	No	1.42631339999934	0	189662	234
371.474609375	1	health	trialStart	1	39	39	foodImage.103	FOODEEG_Images\0911.jpg	NY	Left	No	1.30356790000224	0	190196	251
372.513671875	2	health	foodImageDisplay	1	39	39	foodImage.103	FOODEEG_Images\0911.jpg	NY	Left	No	1.30356790000224	0	190728	252
374.578125	1.30356790000224	health	choicePhaseStart	1	39	39	foodImage.103	FOODEEG_Images\0911.jpg	NY	Left	No	1.30356790000224	0	191785	253
375.87109375	0	health	response	1	39	39	foodImage.103	FOODEEG_Images\0911.jpg	NY	Left	No	1.30356790000224	0	192447	234
376.9140625	1	health	trialStart	1	40	40	foodImage.72	FOODEEG_Images\0714.jpg	NY	Left	No	1.21138109999811	0	192981	251
377.955078125	2	health	foodImageDisplay	1	40	40	foodImage.72	FOODEEG_Images\0714.jpg	NY	Left	No	1.21138109999811	0	193514	252
380.021484375	1.21138109999811	health	choicePhaseStart	1	40	40	foodImage.72	FOODEEG_Images\0714.jpg	NY	Left	No	1.21138109999811	0	194572	253
381.22265625	0	health	response	1	40	40	foodImage.72	FOODEEG_Images\0714.jpg	NY	Left	No	1.21138109999811	0	195187	234
382.263671875	1	decision	trialStart	1	41	41	foodImage.44	FOODEEG_Images\0459.jpg	YN	Right	No	1.28195639999831	0	195720	251
383.30859375	2	decision	foodImageDisplay	1	41	41	foodImage.44	FOODEEG_Images\0459.jpg	YN	Right	No	1.28195639999831	0	196255	252
385.373046875	1.28195639999831	decision	choicePhaseStart	1	41	41	foodImage.44	FOODEEG_Images\0459.jpg	YN	Right	No	1.28195639999831	0	197312	253
386.6484375	0	decision	response	1	41	41	foodImage.44	FOODEEG_Images\0459.jpg	YN	Right	No	1.28195639999831	0	197965	235
387.689453125	1	decision	trialStart	1	42	42	foodImage.115	FOODEEG_Images\0923.jpg	YN	Right	No	1.24774640000032	0	198498	251
388.728515625	2	decision	foodImageDisplay	1	42	42	foodImage.115	FOODEEG_Images\0923.jpg	YN	Right	No	1.24774640000032	0	199030	252
390.79296875	1.24774640000032	decision	choicePhaseStart	1	42	42	foodImage.115	FOODEEG_Images\0923.jpg	YN	Right	No	1.24774640000032	0	200087	253
392.03125	0	decision	response	1	42	42	foodImage.115	FOODEEG_Images\0923.jpg	YN	Right	No	1.24774640000032	0	200721	235
393.076171875	1	decision	trialStart	1	43	43	foodImage.45	FOODEEG_Images\0478.jpg	YN	Left	Yes	1.53334170000016	0	201256	251
394.123046875	2	decision	foodImageDisplay	1	43	43	foodImage.45	FOODEEG_Images\0478.jpg	YN	Left	Yes	1.53334170000016	0	201792	252
396.19140625	1.53334170000016	decision	choicePhaseStart	1	43	43	foodImage.45	FOODEEG_Images\0478.jpg	YN	Left	Yes	1.53334170000016	0	202851	253
397.71875	0	decision	response	1	43	43	foodImage.45	FOODEEG_Images\0478.jpg	YN	Left	Yes	1.53334170000016	0	203633	234
398.76171875	1	taste	trialStart	1	44	44	foodImage.79	FOODEEG_Images\0794.jpg	NY	Right	Yes	1.57153459999972	0	204167	251
399.8046875	2	taste	foodImageDisplay	1	44	44	foodImage.79	FOODEEG_Images\0794.jpg	NY	Right	Yes	1.57153459999972	0	204701	252
401.869140625	1.57153459999972	taste	choicePhaseStart	1	44	44	foodImage.79	FOODEEG_Images\0794.jpg	NY	Right	Yes	1.57153459999972	0	205758	253
403.4296875	0	taste	response	1	44	44	foodImage.79	FOODEEG_Images\0794.jpg	NY	Right	Yes	1.57153459999972	0	206557	235
404.47265625	1	health	trialStart	1	45	45	foodImage.45	FOODEEG_Images\0478.jpg	NY	Right	Yes	1.6709127000031	0	207091	251
405.517578125	2	health	foodImageDisplay	1	45	45	foodImage.45	FOODEEG_Images\0478.jpg	NY	Right	Yes	1.6709127000031	0	207626	252
407.583984375	1.6709127000031	health	choicePhaseStart	1	45	45	foodImage.45	FOODEEG_Images\0478.jpg	NY	Right	Yes	1.6709127000031	0	208684	253
409.24609375	0	health	response	1	45	45	foodImage.45	FOODEEG_Images\0478.jpg	NY	Right	Yes	1.6709127000031	0	209535	235
410.29296875	1	taste	trialStart	1	46	46	foodImage.28	FOODEEG_Images\0273.jpg	YN	Right	No	0.895526500000415	0	210071	251
411.3359375	2	taste	foodImageDisplay	1	46	46	foodImage.28	FOODEEG_Images\0273.jpg	YN	Right	No	0.895526500000415	0	210605	252
413.400390625	0.895526500000415	taste	choicePhaseStart	1	46	46	foodImage.28	FOODEEG_Images\0273.jpg	YN	Right	No	0.895526500000415	0	211662	253
414.287109375	0	taste	response	1	46	46	foodImage.28	FOODEEG_Images\0273.jpg	YN	Right	No	0.895526500000415	0	212116	235
415.328125	1	taste	trialStart	1	47	47	foodImage.108	FOODEEG_Images\0916.jpg	NY	Left	No	0.961300499999197	0	212649	251
416.3671875	2	taste	foodImageDisplay	1	47	47	foodImage.108	FOODEEG_Images\0916.jpg	NY	Left	No	0.961300499999197	0	213181	252
418.4296875	0.961300499999197	taste	choicePhaseStart	1	47	47	foodImage.108	FOODEEG_Images\0916.jpg	NY	Left	No	0.961300499999197	0	214237	253
419.3828125	0	taste	response	1	47	47	foodImage.108	FOODEEG_Images\0916.jpg	NY	Left	No	0.961300499999197	0	214725	234
420.423828125	1	decision	trialStart	1	48	48	foodImage.118	FOODEEG_Images\0926.jpg	YN	Right	No	0.943807100000413	0	215258	251
421.462890625	2	decision	foodImageDisplay	1	48	48	foodImage.118	FOODEEG_Images\0926.jpg	YN	Right	No	0.943807100000413	0	215790	252
423.52734375	0.943807100000413	decision	choicePhaseStart	1	48	48	foodImage.118	FOODEEG_Images\0926.jpg	YN	Right	No	0.943807100000413	0	216847	253
424.4609375	0	decision	response	1	48	48	foodImage.118	FOODEEG_Images\0926.jpg	YN	Right	No	0.943807100000413	0	217325	235
425.505859375	1	decision	trialStart	1	49	49	foodImage.62	FOODEEG_Images\0644.jpg	YN	Left	Yes	0.803461799998331	0	217860	251
426.564453125	2	decision	foodImageDisplay	1	49	49	foodImage.62	FOODEEG_Images\0644.jpg	YN	Left	Yes	0.803461799998331	0	218402	252
428.626953125	0.803461799998331	decision	choicePhaseStart	1	49	49	foodImage.62	FOODEEG_Images\0644.jpg	YN	Left	Yes	0.803461799998331	0	219458	253
429.421875	0	decision	response	1	49	49	foodImage.62	FOODEEG_Images\0644.jpg	YN	Left	Yes	0.803461799998331	0	219865	234
430.46484375	1	health	trialStart	1	50	50	foodImage.2	FOODEEG_Images\0028.jpg	YN	Right	No	1.0312864999978	0	220399	251
431.509765625	2	health	foodImageDisplay	1	50	50	foodImage.2	FOODEEG_Images\0028.jpg	YN	Right	No	1.0312864999978	0	220934	252
433.572265625	1.0312864999978	health	choicePhaseStart	1	50	50	foodImage.2	FOODEEG_Images\0028.jpg	YN	Right	No	1.0312864999978	0	221990	253
434.59765625	0	health	response	1	50	50	foodImage.2	FOODEEG_Images\0028.jpg	YN	Right	No	1.0312864999978	0	222515	235
435.638671875	1	health	trialStart	1	51	51	foodImage.92	FOODEEG_Images\0900.jpg	NY	Left	No	1.30443089999972	0	223048	251
436.677734375	2	health	foodImageDisplay	1	51	51	foodImage.92	FOODEEG_Images\0900.jpg	NY	Left	No	1.30443089999972	0	223580	252
438.7421875	1.30443089999972	health	choicePhaseStart	1	51	51	foodImage.92	FOODEEG_Images\0900.jpg	NY	Left	No	1.30443089999972	0	224637	253
440.037109375	0	health	response	1	51	51	foodImage.92	FOODEEG_Images\0900.jpg	NY	Left	No	1.30443089999972	0	225300	234
441.0859375	1	decision	trialStart	1	52	52	foodImage.101	FOODEEG_Images\0909.jpg	YN	Right	No	1.20759809999799	0	225837	251
442.125	2	decision	foodImageDisplay	1	52	52	foodImage.101	FOODEEG_Images\0909.jpg	YN	Right	No	1.20759809999799	0	226369	252
444.19140625	1.20759809999799	decision	choicePhaseStart	1	52	52	foodImage.101	FOODEEG_Images\0909.jpg	YN	Right	No	1.20759809999799	0	227427	253
445.388671875	0	decision	response	1	52	52	foodImage.101	FOODEEG_Images\0909.jpg	YN	Right	No	1.20759809999799	0	228040	235
446.427734375	1	decision	trialStart	1	53	53	foodImage.52	FOODEEG_Images\0539.jpg	YN	Left	Yes	0.959968800001661	0	228572	251
447.49609375	2	decision	foodImageDisplay	1	53	53	foodImage.52	FOODEEG_Images\0539.jpg	YN	Left	Yes	0.959968800001661	0	229119	252
449.55859375	0.959968800001661	decision	choicePhaseStart	1	53	53	foodImage.52	FOODEEG_Images\0539.jpg	YN	Left	Yes	0.959968800001661	0	230175	253
450.5078125	0	decision	response	1	53	53	foodImage.52	FOODEEG_Images\0539.jpg	YN	Left	Yes	0.959968800001661	0	230661	234
451.552734375	1	taste	trialStart	1	54	54	foodImage.66	FOODEEG_Images\0676.jpg	NY	Right	Yes	0.852070799999638	0	231196	251
452.59375	2	taste	foodImageDisplay	1	54	54	foodImage.66	FOODEEG_Images\0676.jpg	NY	Right	Yes	0.852070799999638	0	231729	252
454.658203125	0.852070799999638	taste	choicePhaseStart	1	54	54	foodImage.66	FOODEEG_Images\0676.jpg	NY	Right	Yes	0.852070799999638	0	232786	253
455.5	0	taste	response	1	54	54	foodImage.66	FOODEEG_Images\0676.jpg	NY	Right	Yes	0.852070799999638	0	233217	235
456.54296875	1	health	trialStart	1	55	55	foodImage.1	FOODEEG_Images\0004.jpg	NY	Left	No	1.03275710000162	0	233751	251
457.583984375	2	health	foodImageDisplay	1	55	55	foodImage.1	FOODEEG_Images\0004.jpg	NY	Left	No	1.03275710000162	0	234284	252
459.65234375	1.03275710000162	health	choicePhaseStart	1	55	55	foodImage.1	FOODEEG_Images\0004.jpg	NY	Left	No	1.03275710000162	0	235343	253
460.67578125	0	health	response	1	55	55	foodImage.1	FOODEEG_Images\0004.jpg	NY	Left	No	1.03275710000162	0	235867	234
461.720703125	1	decision	trialStart	1	56	56	foodImage.30	FOODEEG_Images\0282.jpg	NY	Right	Yes	0.758499700001266	0	236402	251
462.765625	2	decision	foodImageDisplay	1	56	56	foodImage.30	FOODEEG_Images\0282.jpg	NY	Right	Yes	0.758499700001266	0	236937	252
464.833984375	0.758499700001266	decision	choicePhaseStart	1	56	56	foodImage.30	FOODEEG_Images\0282.jpg	NY	Right	Yes	0.758499700001266	0	237996	253
465.587890625	0	decision	response	1	56	56	foodImage.30	FOODEEG_Images\0282.jpg	NY	Right	Yes	0.758499700001266	0	238382	235
466.630859375	1	health	trialStart	1	57	57	foodImage.115	FOODEEG_Images\0923.jpg	YN	Right	No	1.30295430000115	0	238916	251
467.669921875	2	health	foodImageDisplay	1	57	57	foodImage.115	FOODEEG_Images\0923.jpg	YN	Right	No	1.30295430000115	0	239448	252
469.734375	1.30295430000115	health	choicePhaseStart	1	57	57	foodImage.115	FOODEEG_Images\0923.jpg	YN	Right	No	1.30295430000115	0	240505	253
471.02734375	0	health	response	1	57	57	foodImage.115	FOODEEG_Images\0923.jpg	YN	Right	No	1.30295430000115	0	241167	235
472.0703125	1	taste	trialStart	1	58	58	foodImage.85	FOODEEG_Images\0841.jpg	NY	Right	Yes	0.915660199996637	0	241701	251
473.12890625	2	taste	foodImageDisplay	1	58	58	foodImage.85	FOODEEG_Images\0841.jpg	NY	Right	Yes	0.915660199996637	0	242243	252
475.193359375	0.915660199996637	taste	choicePhaseStart	1	58	58	foodImage.85	FOODEEG_Images\0841.jpg	NY	Right	Yes	0.915660199996637	0	243300	253
476.099609375	0	taste	response	1	58	58	foodImage.85	FOODEEG_Images\0841.jpg	NY	Right	Yes	0.915660199996637	0	243764	235
477.142578125	1	health	trialStart	1	59	59	foodImage.24	FOODEEG_Images\0250.jpg	YN	Left	Yes	1.01041759999862	0	244298	251
478.185546875	2	health	foodImageDisplay	1	59	59	foodImage.24	FOODEEG_Images\0250.jpg	YN	Left	Yes	1.01041759999862	0	244832	252
480.25	1.01041759999862	health	choicePhaseStart	1	59	59	foodImage.24	FOODEEG_Images\0250.jpg	YN	Left	Yes	1.01041759999862	0	245889	253
481.251953125	0	health	response	1	59	59	foodImage.24	FOODEEG_Images\0250.jpg	YN	Left	Yes	1.01041759999862	0	246402	234
482.29296875	1	taste	trialStart	1	60	60	foodImage.91	FOODEEG_Images\0896.jpg	YN	Left	Yes	0.817404099998384	0	246935	251
483.3515625	2	taste	foodImageDisplay	1	60	60	foodImage.91	FOODEEG_Images\0896.jpg	YN	Left	Yes	0.817404099998384	0	247477	252
485.416015625	0.817404099998384	taste	choicePhaseStart	1	60	60	foodImage.91	FOODEEG_Images\0896.jpg	YN	Left	Yes	0.817404099998384	0	248534	253
486.2265625	0	taste	response	1	60	60	foodImage.91	FOODEEG_Images\0896.jpg	YN	Left	Yes	0.817404099998384	0	248949	234
488.26953125	20.75	n/a	blockEnd	n/a	n/a	n/a	n/a	n/a	n/a	n/a	n/a	n/a	n/a	249995	254
509.01953125	2	n/a	blockStart	2	n/a	n/a	n/a	n/a	n/a	n/a	n/a	n/a	n/a	260619	250
511.0546875	1	taste	trialStart	2	61	1	foodImage.103	FOODEEG_Images\0911.jpg	NY	Left	No	1.02315769999768	0	261661	251
512.09375	2	taste	foodImageDisplay	2	61	1	foodImage.103	FOODEEG_Images\0911.jpg	NY	Left	No	1.02315769999768	0	262193	252
514.158203125	1.02315769999768	taste	choicePhaseStart	2	61	1	foodImage.103	FOODEEG_Images\0911.jpg	NY	Left	No	1.02315769999768	0	263250	253
515.177734375	0	taste	response	2	61	1	foodImage.103	FOODEEG_Images\0911.jpg	NY	Left	No	1.02315769999768	0	263772	234
516.220703125	1	health	trialStart	2	62	2	foodImage.88	FOODEEG_Images\0878.jpg	YN	Right	No	1.11737530000028	0	264306	251
517.27734375	2	health	foodImageDisplay	2	62	2	foodImage.88	FOODEEG_Images\0878.jpg	YN	Right	No	1.11737530000028	0	264847	252
519.341796875	1.11737530000028	health	choicePhaseStart	2	62	2	foodImage.88	FOODEEG_Images\0878.jpg	YN	Right	No	1.11737530000028	0	265904	253
520.44921875	0	health	response	2	62	2	foodImage.88	FOODEEG_Images\0878.jpg	YN	Right	No	1.11737530000028	0	266471	235
521.4921875	1	taste	trialStart	2	63	3	foodImage.34	FOODEEG_Images\0339.jpg	YN	Left	Yes	0.949327500002255	0	267005	251
522.55078125	2	taste	foodImageDisplay	2	63	3	foodImage.34	FOODEEG_Images\0339.jpg	YN	Left	Yes	0.949327500002255	0	267547	252
524.61328125	0.949327500002255	taste	choicePhaseStart	2	63	3	foodImage.34	FOODEEG_Images\0339.jpg	YN	Left	Yes	0.949327500002255	0	268603	253
525.552734375	0	taste	response	2	63	3	foodImage.34	FOODEEG_Images\0339.jpg	YN	Left	Yes	0.949327500002255	0	269084	234
526.595703125	1	health	trialStart	2	64	4	foodImage.119	FOODEEG_Images\0927.jpg	YN	Right	No	1.04561599999943	0	269618	251
527.634765625	2	health	foodImageDisplay	2	64	4	foodImage.119	FOODEEG_Images\0927.jpg	YN	Right	No	1.04561599999943	0	270150	252
529.69921875	1.04561599999943	health	choicePhaseStart	2	64	4	foodImage.119	FOODEEG_Images\0927.jpg	YN	Right	No	1.04561599999943	0	271207	253
530.73828125	0	health	response	2	64	4	foodImage.119	FOODEEG_Images\0927.jpg	YN	Right	No	1.04561599999943	0	271739	235
531.779296875	1	decision	trialStart	2	65	5	foodImage.73	FOODEEG_Images\0717.jpg	YN	Right	No	0.94139069999801	0	272272	251
532.837890625	2	decision	foodImageDisplay	2	65	5	foodImage.73	FOODEEG_Images\0717.jpg	YN	Right	No	0.94139069999801	0	272814	252
534.900390625	0.94139069999801	decision	choicePhaseStart	2	65	5	foodImage.73	FOODEEG_Images\0717.jpg	YN	Right	No	0.94139069999801	0	273870	253
535.833984375	0	decision	response	2	65	5	foodImage.73	FOODEEG_Images\0717.jpg	YN	Right	No	0.94139069999801	0	274348	235
536.876953125	1	decision	trialStart	2	66	6	foodImage.93	FOODEEG_Images\0901.jpg	YN	Right	No	0.80568889999995	0	274882	251
537.916015625	2	decision	foodImageDisplay	2	66	6	foodImage.93	FOODEEG_Images\0901.jpg	YN	Right	No	0.80568889999995	0	275414	252
539.98046875	0.80568889999995	decision	choicePhaseStart	2	66	6	foodImage.93	FOODEEG_Images\0901.jpg	YN	Right	No	0.80568889999995	0	276471	253
540.77734375	0	decision	response	2	66	6	foodImage.93	FOODEEG_Images\0901.jpg	YN	Right	No	0.80568889999995	0	276879	235
541.8203125	1	decision	trialStart	2	67	7	foodImage.57	FOODEEG_Images\0587.jpg	NY	Right	Yes	0.973165600000357	0	277413	251
542.884765625	2	decision	foodImageDisplay	2	67	7	foodImage.57	FOODEEG_Images\0587.jpg	NY	Right	Yes	0.973165600000357	0	277958	252
544.953125	0.973165600000357	decision	choicePhaseStart	2	67	7	foodImage.57	FOODEEG_Images\0587.jpg	NY	Right	Yes	0.973165600000357	0	279017	253
545.921875	0	decision	response	2	67	7	foodImage.57	FOODEEG_Images\0587.jpg	NY	Right	Yes	0.973165600000357	0	279513	235
546.970703125	1	taste	trialStart	2	68	8	foodImage.70	FOODEEG_Images\0705.jpg	YN	Left	Yes	1.01091029999952	0	280050	251
548.052734375	2	taste	foodImageDisplay	2	68	8	foodImage.70	FOODEEG_Images\0705.jpg	YN	Left	Yes	1.01091029999952	0	280604	252
550.1171875	1.01091029999952	taste	choicePhaseStart	2	68	8	foodImage.70	FOODEEG_Images\0705.jpg	YN	Left	Yes	1.01091029999952	0	281661	253
551.12109375	0	taste	response	2	68	8	foodImage.70	FOODEEG_Images\0705.jpg	YN	Left	Yes	1.01091029999952	0	282175	234
552.1640625	1	taste	trialStart	2	69	9	foodImage.90	FOODEEG_Images\0890.jpg	YN	Right	No	1.26018190000104	0	282709	251
553.21875	2	taste	foodImageDisplay	2	69	9	foodImage.90	FOODEEG_Images\0890.jpg	YN	Right	No	1.26018190000104	0	283249	252
555.283203125	1.26018190000104	taste	choicePhaseStart	2	69	9	foodImage.90	FOODEEG_Images\0890.jpg	YN	Right	No	1.26018190000104	0	284306	253
556.537109375	0	taste	response	2	69	9	foodImage.90	FOODEEG_Images\0890.jpg	YN	Right	No	1.26018190000104	0	284948	235
557.578125	1	health	trialStart	2	70	10	foodImage.91	FOODEEG_Images\0896.jpg	NY	Right	Yes	1.07778079999844	0	285481	251
558.634765625	2	health	foodImageDisplay	2	70	10	foodImage.91	FOODEEG_Images\0896.jpg	NY	Right	Yes	1.07778079999844	0	286022	252
560.69921875	1.07778079999844	health	choicePhaseStart	2	70	10	foodImage.91	FOODEEG_Images\0896.jpg	NY	Right	Yes	1.07778079999844	0	287079	253
561.767578125	0	health	response	2	70	10	foodImage.91	FOODEEG_Images\0896.jpg	NY	Right	Yes	1.07778079999844	0	287626	235
562.810546875	1	taste	trialStart	2	71	11	foodImage.36	FOODEEG_Images\0352.jpg	NY	Right	Yes	1.07682249999925	0	288160	251
563.869140625	2	taste	foodImageDisplay	2	71	11	foodImage.36	FOODEEG_Images\0352.jpg	NY	Right	Yes	1.07682249999925	0	288702	252
565.93359375	1.07682249999925	taste	choicePhaseStart	2	71	11	foodImage.36	FOODEEG_Images\0352.jpg	NY	Right	Yes	1.07682249999925	0	289759	253
567	0	taste	response	2	71	11	foodImage.36	FOODEEG_Images\0352.jpg	NY	Right	Yes	1.07682249999925	0	290305	235
568.04296875	1	health	trialStart	2	72	12	foodImage.56	FOODEEG_Images\0586.jpg	NY	Left	No	2.16075029999774	0	290839	251
569.087890625	2	health	foodImageDisplay	2	72	12	foodImage.56	FOODEEG_Images\0586.jpg	NY	Left	No	2.16075029999774	0	291374	252
571.15234375	2.16075029999774	health	choicePhaseStart	2	72	12	foodImage.56	FOODEEG_Images\0586.jpg	NY	Left	No	2.16075029999774	0	292431	253
573.302734375	0	health	response	2	72	12	foodImage.56	FOODEEG_Images\0586.jpg	NY	Left	No	2.16075029999774	0	293532	234
574.34765625	1	decision	trialStart	2	73	13	foodImage.43	FOODEEG_Images\0445.jpg	NY	Left	No	3.5943057000004	0	294067	251
575.40625	2	decision	foodImageDisplay	2	73	13	foodImage.43	FOODEEG_Images\0445.jpg	NY	Left	No	3.5943057000004	0	294609	252
577.470703125	3.5943057000004	decision	choicePhaseStart	2	73	13	foodImage.43	FOODEEG_Images\0445.jpg	NY	Left	No	3.5943057000004	0	295666	253
581.0546875	0	decision	response	2	73	13	foodImage.43	FOODEEG_Images\0445.jpg	NY	Left	No	3.5943057000004	0	297501	234
582.12109375	1	taste	trialStart	2	74	14	foodImage.52	FOODEEG_Images\0539.jpg	NY	Right	Yes	1.26487400000042	0	298047	251
583.177734375	2	taste	foodImageDisplay	2	74	14	foodImage.52	FOODEEG_Images\0539.jpg	NY	Right	Yes	1.26487400000042	0	298588	252
585.240234375	1.26487400000042	taste	choicePhaseStart	2	74	14	foodImage.52	FOODEEG_Images\0539.jpg	NY	Right	Yes	1.26487400000042	0	299644	253
586.49609375	0	taste	response	2	74	14	foodImage.52	FOODEEG_Images\0539.jpg	NY	Right	Yes	1.26487400000042	0	300287	235
587.548828125	1	health	trialStart	2	75	15	foodImage.70	FOODEEG_Images\0705.jpg	NY	Left	No	1.6887327000004	0	300826	251
588.609375	2	health	foodImageDisplay	2	75	15	foodImage.70	FOODEEG_Images\0705.jpg	NY	Left	No	1.6887327000004	0	301369	252
590.671875	1.6887327000004	health	choicePhaseStart	2	75	15	foodImage.70	FOODEEG_Images\0705.jpg	NY	Left	No	1.6887327000004	0	302425	253
592.3515625	0	health	response	2	75	15	foodImage.70	FOODEEG_Images\0705.jpg	NY	Left	No	1.6887327000004	0	303285	234
593.39453125	1	decision	trialStart	2	76	16	foodImage.40	FOODEEG_Images\0373.jpg	YN	Left	Yes	0.948048400001426	0	303819	251
594.435546875	2	decision	foodImageDisplay	2	76	16	foodImage.40	FOODEEG_Images\0373.jpg	YN	Left	Yes	0.948048400001426	0	304352	252
596.5	0.948048400001426	decision	choicePhaseStart	2	76	16	foodImage.40	FOODEEG_Images\0373.jpg	YN	Left	Yes	0.948048400001426	0	305409	253
597.439453125	0	decision	response	2	76	16	foodImage.40	FOODEEG_Images\0373.jpg	YN	Left	Yes	0.948048400001426	0	305890	234
598.482421875	1	taste	trialStart	2	77	17	foodImage.8	FOODEEG_Images\0136.jpg	YN	Right	No	1.8094394999971	0	306424	251
599.525390625	2	taste	foodImageDisplay	2	77	17	foodImage.8	FOODEEG_Images\0136.jpg	YN	Right	No	1.8094394999971	0	306958	252
601.591796875	1.8094394999971	taste	choicePhaseStart	2	77	17	foodImage.8	FOODEEG_Images\0136.jpg	YN	Right	No	1.8094394999971	0	308016	253
603.390625	0	taste	response	2	77	17	foodImage.8	FOODEEG_Images\0136.jpg	YN	Right	No	1.8094394999971	0	308937	235
604.43359375	1	health	trialStart	2	78	18	foodImage.20	FOODEEG_Images\0226.jpg	YN	Left	Yes	1.65196020000076	0	309471	251
605.4765625	2	health	foodImageDisplay	2	78	18	foodImage.20	FOODEEG_Images\0226.jpg	YN	Left	Yes	1.65196020000076	0	310005	252
607.5390625	1.65196020000076	health	choicePhaseStart	2	78	18	foodImage.20	FOODEEG_Images\0226.jpg	YN	Left	Yes	1.65196020000076	0	311061	253
609.181640625	0	health	response	2	78	18	foodImage.20	FOODEEG_Images\0226.jpg	YN	Left	Yes	1.65196020000076	0	311902	234
610.23046875	1	decision	trialStart	2	79	19	foodImage.7	FOODEEG_Images\0116.jpg	NY	Right	Yes	1.09540399999969	0	312439	251
611.287109375	2	decision	foodImageDisplay	2	79	19	foodImage.7	FOODEEG_Images\0116.jpg	NY	Right	Yes	1.09540399999969	0	312980	252
613.3515625	1.09540399999969	decision	choicePhaseStart	2	79	19	foodImage.7	FOODEEG_Images\0116.jpg	NY	Right	Yes	1.09540399999969	0	314037	253
614.4375	0	decision	response	2	79	19	foodImage.7	FOODEEG_Images\0116.jpg	NY	Right	Yes	1.09540399999969	0	314593	235
615.48828125	1	health	trialStart	2	80	20	foodImage.97	FOODEEG_Images\0905.jpg	YN	Right	No	2.07206529999894	0	315131	251
616.52734375	2	health	foodImageDisplay	2	80	20	foodImage.97	FOODEEG_Images\0905.jpg	YN	Right	No	2.07206529999894	0	315663	252
618.591796875	2.07206529999894	health	choicePhaseStart	2	80	20	foodImage.97	FOODEEG_Images\0905.jpg	YN	Right	No	2.07206529999894	0	316720	253
620.654296875	0	health	response	2	80	20	foodImage.97	FOODEEG_Images\0905.jpg	YN	Right	No	2.07206529999894	0	317776	235
621.6953125	1	health	trialStart	2	81	21	foodImage.116	FOODEEG_Images\0924.jpg	NY	Left	No	1.77850009999747	0	318309	251
622.736328125	2	health	foodImageDisplay	2	81	21	foodImage.116	FOODEEG_Images\0924.jpg	NY	Left	No	1.77850009999747	0	318842	252
624.8046875	1.77850009999747	health	choicePhaseStart	2	81	21	foodImage.116	FOODEEG_Images\0924.jpg	NY	Left	No	1.77850009999747	0	319901	253
626.57421875	0	health	response	2	81	21	foodImage.116	FOODEEG_Images\0924.jpg	NY	Left	No	1.77850009999747	0	320807	234
627.6171875	1	decision	trialStart	2	82	22	foodImage.5	FOODEEG_Images\0107.jpg	NY	Right	Yes	1.0109188000024	0	321341	251
628.67578125	2	decision	foodImageDisplay	2	82	22	foodImage.5	FOODEEG_Images\0107.jpg	NY	Right	Yes	1.0109188000024	0	321883	252
630.740234375	1.0109188000024	decision	choicePhaseStart	2	82	22	foodImage.5	FOODEEG_Images\0107.jpg	NY	Right	Yes	1.0109188000024	0	322940	253
631.7421875	0	decision	response	2	82	22	foodImage.5	FOODEEG_Images\0107.jpg	NY	Right	Yes	1.0109188000024	0	323453	235
632.78515625	1	taste	trialStart	2	83	23	foodImage.117	FOODEEG_Images\0925.jpg	NY	Right	Yes	1.21328889999859	0	323987	251
633.82421875	2	taste	foodImageDisplay	2	83	23	foodImage.117	FOODEEG_Images\0925.jpg	NY	Right	Yes	1.21328889999859	0	324519	252
635.888671875	1.21328889999859	taste	choicePhaseStart	2	83	23	foodImage.117	FOODEEG_Images\0925.jpg	NY	Right	Yes	1.21328889999859	0	325576	253
637.09375	0	taste	response	2	83	23	foodImage.117	FOODEEG_Images\0925.jpg	NY	Right	Yes	1.21328889999859	0	326193	235
638.134765625	1	decision	trialStart	2	84	24	foodImage.71	FOODEEG_Images\0713.jpg	YN	Right	No	1.01806679999936	0	326726	251
639.1796875	2	decision	foodImageDisplay	2	84	24	foodImage.71	FOODEEG_Images\0713.jpg	YN	Right	No	1.01806679999936	0	327261	252
641.244140625	1.01806679999936	decision	choicePhaseStart	2	84	24	foodImage.71	FOODEEG_Images\0713.jpg	YN	Right	No	1.01806679999936	0	328318	253
642.25390625	0	decision	response	2	84	24	foodImage.71	FOODEEG_Images\0713.jpg	YN	Right	No	1.01806679999936	0	328835	235
643.298828125	1	decision	trialStart	2	85	25	foodImage.92	FOODEEG_Images\0900.jpg	YN	Right	No	1.41885239999829	0	329370	251
644.337890625	2	decision	foodImageDisplay	2	85	25	foodImage.92	FOODEEG_Images\0900.jpg	YN	Right	No	1.41885239999829	0	329902	252
646.404296875	1.41885239999829	decision	choicePhaseStart	2	85	25	foodImage.92	FOODEEG_Images\0900.jpg	YN	Right	No	1.41885239999829	0	330960	253
647.8125	0	decision	response	2	85	25	foodImage.92	FOODEEG_Images\0900.jpg	YN	Right	No	1.41885239999829	0	331681	235
648.85546875	1	health	trialStart	2	86	26	foodImage.120	FOODEEG_Images\0928.jpg	NY	Left	No	1.3224768	0	332215	251
649.892578125	2	health	foodImageDisplay	2	86	26	foodImage.120	FOODEEG_Images\0928.jpg	NY	Left	No	1.3224768	0	332746	252
651.958984375	1.3224768	health	choicePhaseStart	2	86	26	foodImage.120	FOODEEG_Images\0928.jpg	NY	Left	No	1.3224768	0	333804	253
653.27734375	0	health	response	2	86	26	foodImage.120	FOODEEG_Images\0928.jpg	NY	Left	No	1.3224768	0	334479	234
654.3203125	1	taste	trialStart	2	87	27	foodImage.98	FOODEEG_Images\0906.jpg	YN	Left	Yes	0.984429999996792	0	335013	251
655.357421875	2	taste	foodImageDisplay	2	87	27	foodImage.98	FOODEEG_Images\0906.jpg	YN	Left	Yes	0.984429999996792	0	335544	252
657.421875	0.984429999996792	taste	choicePhaseStart	2	87	27	foodImage.98	FOODEEG_Images\0906.jpg	YN	Left	Yes	0.984429999996792	0	336601	253
658.396484375	0	taste	response	2	87	27	foodImage.98	FOODEEG_Images\0906.jpg	YN	Left	Yes	0.984429999996792	0	337100	234
659.439453125	1	health	trialStart	2	88	28	foodImage.106	FOODEEG_Images\0914.jpg	NY	Left	No	1.97706029999972	0	337634	251
660.478515625	2	health	foodImageDisplay	2	88	28	foodImage.106	FOODEEG_Images\0914.jpg	NY	Left	No	1.97706029999972	0	338166	252
662.541015625	1.97706029999972	health	choicePhaseStart	2	88	28	foodImage.106	FOODEEG_Images\0914.jpg	NY	Left	No	1.97706029999972	0	339222	253
664.5078125	0	health	response	2	88	28	foodImage.106	FOODEEG_Images\0914.jpg	NY	Left	No	1.97706029999972	0	340229	234
665.55078125	1	health	trialStart	2	89	29	foodImage.16	FOODEEG_Images\0196.jpg	YN	Left	Yes	2.1708538999992	0	340763	251
666.609375	2	health	foodImageDisplay	2	89	29	foodImage.16	FOODEEG_Images\0196.jpg	YN	Left	Yes	2.1708538999992	0	341305	252
668.673828125	2.1708538999992	health	choicePhaseStart	2	89	29	foodImage.16	FOODEEG_Images\0196.jpg	YN	Left	Yes	2.1708538999992	0	342362	253
670.8359375	0	health	response	2	89	29	foodImage.16	FOODEEG_Images\0196.jpg	YN	Left	Yes	2.1708538999992	0	343469	234
671.8828125	1	decision	trialStart	2	90	30	foodImage.11	FOODEEG_Images\0180.jpg	YN	Right	No	1.15887250000014	0	344005	251
672.927734375	2	decision	foodImageDisplay	2	90	30	foodImage.11	FOODEEG_Images\0180.jpg	YN	Right	No	1.15887250000014	0	344540	252
674.99609375	1.15887250000014	decision	choicePhaseStart	2	90	30	foodImage.11	FOODEEG_Images\0180.jpg	YN	Right	No	1.15887250000014	0	345599	253
676.1484375	0	decision	response	2	90	30	foodImage.11	FOODEEG_Images\0180.jpg	YN	Right	No	1.15887250000014	0	346189	235
677.19140625	1	taste	trialStart	2	91	31	foodImage.57	FOODEEG_Images\0587.jpg	YN	Left	Yes	3.94759479999993	0	346723	251
678.234375	2	taste	foodImageDisplay	2	91	31	foodImage.57	FOODEEG_Images\0587.jpg	YN	Left	Yes	3.94759479999993	0	347257	252
680.296875	3.94759479999993	taste	choicePhaseStart	2	91	31	foodImage.57	FOODEEG_Images\0587.jpg	YN	Left	Yes	3.94759479999993	0	348313	253
684.236328125	0	taste	response	2	91	31	foodImage.57	FOODEEG_Images\0587.jpg	YN	Left	Yes	3.94759479999993	0	350330	234
685.27734375	1	decision	trialStart	2	92	32	foodImage.26	FOODEEG_Images\0262.jpg	YN	Right	No	0.91256820000126	0	350863	251
686.3203125	2	decision	foodImageDisplay	2	92	32	foodImage.26	FOODEEG_Images\0262.jpg	YN	Right	No	0.91256820000126	0	351397	252
688.38671875	0.91256820000126	decision	choicePhaseStart	2	92	32	foodImage.26	FOODEEG_Images\0262.jpg	YN	Right	No	0.91256820000126	0	352455	253
689.291015625	0	decision	response	2	92	32	foodImage.26	FOODEEG_Images\0262.jpg	YN	Right	No	0.91256820000126	0	352918	235
690.33984375	1	decision	trialStart	2	93	33	foodImage.66	FOODEEG_Images\0676.jpg	NY	Left	No	0.919673100001091	0	353455	251
691.380859375	2	decision	foodImageDisplay	2	93	33	foodImage.66	FOODEEG_Images\0676.jpg	NY	Left	No	0.919673100001091	0	353988	252
693.4453125	0.919673100001091	decision	choicePhaseStart	2	93	33	foodImage.66	FOODEEG_Images\0676.jpg	NY	Left	No	0.919673100001091	0	355045	253
694.35546875	0	decision	response	2	93	33	foodImage.66	FOODEEG_Images\0676.jpg	NY	Left	No	0.919673100001091	0	355511	234
695.396484375	1	decision	trialStart	2	94	34	foodImage.97	FOODEEG_Images\0905.jpg	NY	Right	Yes	0.918342199998733	0	356044	251
696.4375	2	decision	foodImageDisplay	2	94	34	foodImage.97	FOODEEG_Images\0905.jpg	NY	Right	Yes	0.918342199998733	0	356577	252
698.5078125	0.918342199998733	decision	choicePhaseStart	2	94	34	foodImage.97	FOODEEG_Images\0905.jpg	NY	Right	Yes	0.918342199998733	0	357637	253
699.41796875	0	decision	response	2	94	34	foodImage.97	FOODEEG_Images\0905.jpg	NY	Right	Yes	0.918342199998733	0	358103	235
700.4609375	1	decision	trialStart	2	95	35	foodImage.103	FOODEEG_Images\0911.jpg	NY	Left	No	1.02901360000033	0	358637	251
701.5	2	decision	foodImageDisplay	2	95	35	foodImage.103	FOODEEG_Images\0911.jpg	NY	Left	No	1.02901360000033	0	359169	252
703.56640625	1.02901360000033	decision	choicePhaseStart	2	95	35	foodImage.103	FOODEEG_Images\0911.jpg	NY	Left	No	1.02901360000033	0	360227	253
704.5859375	0	decision	response	2	95	35	foodImage.103	FOODEEG_Images\0911.jpg	NY	Left	No	1.02901360000033	0	360749	234
705.62890625	1	decision	trialStart	2	96	36	foodImage.54	FOODEEG_Images\0560.jpg	YN	Left	Yes	0.988757899998745	0	361283	251
706.6875	2	decision	foodImageDisplay	2	96	36	foodImage.54	FOODEEG_Images\0560.jpg	YN	Left	Yes	0.988757899998745	0	361825	252
708.75	0.988757899998745	decision	choicePhaseStart	2	96	36	foodImage.54	FOODEEG_Images\0560.jpg	YN	Left	Yes	0.988757899998745	0	362881	253
709.73046875	0	decision	response	2	96	36	foodImage.54	FOODEEG_Images\0560.jpg	YN	Left	Yes	0.988757899998745	0	363383	234
710.775390625	1	taste	trialStart	2	97	37	foodImage.22	FOODEEG_Images\0236.jpg	YN	Left	Yes	1.48346180000226	0	363918	251
711.81640625	2	taste	foodImageDisplay	2	97	37	foodImage.22	FOODEEG_Images\0236.jpg	YN	Left	Yes	1.48346180000226	0	364451	252
713.87890625	1.48346180000226	taste	choicePhaseStart	2	97	37	foodImage.22	FOODEEG_Images\0236.jpg	YN	Left	Yes	1.48346180000226	0	365507	253
715.353515625	0	taste	response	2	97	37	foodImage.22	FOODEEG_Images\0236.jpg	YN	Left	Yes	1.48346180000226	0	366262	234
716.3984375	1	decision	trialStart	2	98	38	foodImage.87	FOODEEG_Images\0873.jpg	YN	Right	No	1.00053209999896	0	366797	251
717.45703125	2	decision	foodImageDisplay	2	98	38	foodImage.87	FOODEEG_Images\0873.jpg	YN	Right	No	1.00053209999896	0	367339	252
719.51953125	1.00053209999896	decision	choicePhaseStart	2	98	38	foodImage.87	FOODEEG_Images\0873.jpg	YN	Right	No	1.00053209999896	0	368395	253
720.513671875	0	decision	response	2	98	38	foodImage.87	FOODEEG_Images\0873.jpg	YN	Right	No	1.00053209999896	0	368904	235
721.556640625	1	health	trialStart	2	99	39	foodImage.84	FOODEEG_Images\0830.jpg	NY	Right	Yes	0.854626699998335	0	369438	251
722.61328125	2	health	foodImageDisplay	2	99	39	foodImage.84	FOODEEG_Images\0830.jpg	NY	Right	Yes	0.854626699998335	0	369979	252
724.67578125	0.854626699998335	health	choicePhaseStart	2	99	39	foodImage.84	FOODEEG_Images\0830.jpg	NY	Right	Yes	0.854626699998335	0	371035	253
725.521484375	0	health	response	2	99	39	foodImage.84	FOODEEG_Images\0830.jpg	NY	Right	Yes	0.854626699998335	0	371468	235
726.56640625	1	decision	trialStart	2	100	40	foodImage.20	FOODEEG_Images\0226.jpg	YN	Right	No	1.26557750000211	0	372003	251
727.609375	2	decision	foodImageDisplay	2	100	40	foodImage.20	FOODEEG_Images\0226.jpg	YN	Right	No	1.26557750000211	0	372537	252
729.673828125	1.26557750000211	decision	choicePhaseStart	2	100	40	foodImage.20	FOODEEG_Images\0226.jpg	YN	Right	No	1.26557750000211	0	373594	253
730.9296875	0	decision	response	2	100	40	foodImage.20	FOODEEG_Images\0226.jpg	YN	Right	No	1.26557750000211	0	374237	235
731.97265625	1	taste	trialStart	2	101	41	foodImage.77	FOODEEG_Images\0771.jpg	YN	Left	Yes	0.850322300000698	0	374771	251
733.017578125	2	taste	foodImageDisplay	2	101	41	foodImage.77	FOODEEG_Images\0771.jpg	YN	Left	Yes	0.850322300000698	0	375306	252
735.080078125	0.850322300000698	taste	choicePhaseStart	2	101	41	foodImage.77	FOODEEG_Images\0771.jpg	YN	Left	Yes	0.850322300000698	0	376362	253
735.921875	0	taste	response	2	101	41	foodImage.77	FOODEEG_Images\0771.jpg	YN	Left	Yes	0.850322300000698	0	376793	234
736.96484375	1	taste	trialStart	2	102	42	foodImage.37	FOODEEG_Images\0359.jpg	YN	Left	Yes	0.788764900000388	0	377327	251
738.005859375	2	taste	foodImageDisplay	2	102	42	foodImage.37	FOODEEG_Images\0359.jpg	YN	Left	Yes	0.788764900000388	0	377860	252
740.068359375	0.788764900000388	taste	choicePhaseStart	2	102	42	foodImage.37	FOODEEG_Images\0359.jpg	YN	Left	Yes	0.788764900000388	0	378916	253
740.849609375	0	taste	response	2	102	42	foodImage.37	FOODEEG_Images\0359.jpg	YN	Left	Yes	0.788764900000388	0	379316	234
741.896484375	1	decision	trialStart	2	103	43	foodImage.72	FOODEEG_Images\0714.jpg	NY	Left	No	1.06379539999762	0	379852	251
742.939453125	2	decision	foodImageDisplay	2	103	43	foodImage.72	FOODEEG_Images\0714.jpg	NY	Left	No	1.06379539999762	0	380386	252
745.0078125	1.06379539999762	decision	choicePhaseStart	2	103	43	foodImage.72	FOODEEG_Images\0714.jpg	NY	Left	No	1.06379539999762	0	381445	253
746.064453125	0	decision	response	2	103	43	foodImage.72	FOODEEG_Images\0714.jpg	NY	Left	No	1.06379539999762	0	381986	234
747.107421875	1	taste	trialStart	2	104	44	foodImage.65	FOODEEG_Images\0658.jpg	YN	Left	Yes	1.32378959999915	0	382520	251
748.150390625	2	taste	foodImageDisplay	2	104	44	foodImage.65	FOODEEG_Images\0658.jpg	YN	Left	Yes	1.32378959999915	0	383054	252
750.212890625	1.32378959999915	taste	choicePhaseStart	2	104	44	foodImage.65	FOODEEG_Images\0658.jpg	YN	Left	Yes	1.32378959999915	0	384110	253
751.529296875	0	taste	response	2	104	44	foodImage.65	FOODEEG_Images\0658.jpg	YN	Left	Yes	1.32378959999915	0	384784	234
752.572265625	1	decision	trialStart	2	105	45	foodImage.4	FOODEEG_Images\0065.jpg	NY	Right	Yes	0.925216499999806	0	385318	251
753.630859375	2	decision	foodImageDisplay	2	105	45	foodImage.4	FOODEEG_Images\0065.jpg	NY	Right	Yes	0.925216499999806	0	385860	252
755.693359375	0.925216499999806	decision	choicePhaseStart	2	105	45	foodImage.4	FOODEEG_Images\0065.jpg	NY	Right	Yes	0.925216499999806	0	386916	253
756.609375	0	decision	response	2	105	45	foodImage.4	FOODEEG_Images\0065.jpg	NY	Right	Yes	0.925216499999806	0	387385	235
757.65234375	1	taste	trialStart	2	106	46	foodImage.29	FOODEEG_Images\0278.jpg	NY	Left	No	1.12542440000107	0	387919	251
758.693359375	2	taste	foodImageDisplay	2	106	46	foodImage.29	FOODEEG_Images\0278.jpg	NY	Left	No	1.12542440000107	0	388452	252
760.755859375	1.12542440000107	taste	choicePhaseStart	2	106	46	foodImage.29	FOODEEG_Images\0278.jpg	NY	Left	No	1.12542440000107	0	389508	253
761.873046875	0	taste	response	2	106	46	foodImage.29	FOODEEG_Images\0278.jpg	NY	Left	No	1.12542440000107	0	390080	234
762.921875	1	decision	trialStart	2	107	47	foodImage.49	FOODEEG_Images\0515.jpg	NY	Right	Yes	0.80724100000225	0	390617	251
763.970703125	2	decision	foodImageDisplay	2	107	47	foodImage.49	FOODEEG_Images\0515.jpg	NY	Right	Yes	0.80724100000225	0	391154	252
766.03515625	0.80724100000225	decision	choicePhaseStart	2	107	47	foodImage.49	FOODEEG_Images\0515.jpg	NY	Right	Yes	0.80724100000225	0	392211	253
766.83203125	0	decision	response	2	107	47	foodImage.49	FOODEEG_Images\0515.jpg	NY	Right	Yes	0.80724100000225	0	392619	235
767.873046875	1	decision	trialStart	2	108	48	foodImage.70	FOODEEG_Images\0705.jpg	NY	Right	Yes	0.902013999999326	0	393152	251
768.9296875	2	decision	foodImageDisplay	2	108	48	foodImage.70	FOODEEG_Images\0705.jpg	NY	Right	Yes	0.902013999999326	0	393693	252
770.994140625	0.902013999999326	decision	choicePhaseStart	2	108	48	foodImage.70	FOODEEG_Images\0705.jpg	NY	Right	Yes	0.902013999999326	0	394750	253
771.888671875	0	decision	response	2	108	48	foodImage.70	FOODEEG_Images\0705.jpg	NY	Right	Yes	0.902013999999326	0	395208	235
772.9296875	1	taste	trialStart	2	109	49	foodImage.7	FOODEEG_Images\0116.jpg	NY	Left	No	1.45165039999847	0	395741	251
773.978515625	2	taste	foodImageDisplay	2	109	49	foodImage.7	FOODEEG_Images\0116.jpg	NY	Left	No	1.45165039999847	0	396278	252
776.044921875	1.45165039999847	taste	choicePhaseStart	2	109	49	foodImage.7	FOODEEG_Images\0116.jpg	NY	Left	No	1.45165039999847	0	397336	253
777.48828125	0	taste	response	2	109	49	foodImage.7	FOODEEG_Images\0116.jpg	NY	Left	No	1.45165039999847	0	398075	234
778.537109375	1	health	trialStart	2	110	50	foodImage.79	FOODEEG_Images\0794.jpg	YN	Left	Yes	1.45570660000158	0	398612	251
779.58203125	2	health	foodImageDisplay	2	110	50	foodImage.79	FOODEEG_Images\0794.jpg	YN	Left	Yes	1.45570660000158	0	399147	252
781.650390625	1.45570660000158	health	choicePhaseStart	2	110	50	foodImage.79	FOODEEG_Images\0794.jpg	YN	Left	Yes	1.45570660000158	0	400206	253
783.095703125	0	health	response	2	110	50	foodImage.79	FOODEEG_Images\0794.jpg	YN	Left	Yes	1.45570660000158	0	400946	234
784.14453125	1	taste	trialStart	2	111	51	foodImage.39	FOODEEG_Images\0367.jpg	YN	Left	Yes	2.66077500000029	0	401483	251
785.18359375	2	taste	foodImageDisplay	2	111	51	foodImage.39	FOODEEG_Images\0367.jpg	YN	Left	Yes	2.66077500000029	0	402015	252
787.25	2.66077500000029	taste	choicePhaseStart	2	111	51	foodImage.39	FOODEEG_Images\0367.jpg	YN	Left	Yes	2.66077500000029	0	403073	253
789.904296875	0	taste	response	2	111	51	foodImage.39	FOODEEG_Images\0367.jpg	YN	Left	Yes	2.66077500000029	0	404432	234
790.947265625	1	health	trialStart	2	112	52	foodImage.19	FOODEEG_Images\0225.jpg	YN	Right	No	1.01203059999898	0	404966	251
791.98828125	2	health	foodImageDisplay	2	112	52	foodImage.19	FOODEEG_Images\0225.jpg	YN	Right	No	1.01203059999898	0	405499	252
794.052734375	1.01203059999898	health	choicePhaseStart	2	112	52	foodImage.19	FOODEEG_Images\0225.jpg	YN	Right	No	1.01203059999898	0	406556	253
795.0546875	0	health	response	2	112	52	foodImage.19	FOODEEG_Images\0225.jpg	YN	Right	No	1.01203059999898	0	407069	235
796.099609375	1	health	trialStart	2	113	53	foodImage.118	FOODEEG_Images\0926.jpg	NY	Left	No	1.21744359999866	0	407604	251
797.138671875	2	health	foodImageDisplay	2	113	53	foodImage.118	FOODEEG_Images\0926.jpg	NY	Left	No	1.21744359999866	0	408136	252
799.205078125	1.21744359999866	health	choicePhaseStart	2	113	53	foodImage.118	FOODEEG_Images\0926.jpg	NY	Left	No	1.21744359999866	0	409194	253
800.4140625	0	health	response	2	113	53	foodImage.118	FOODEEG_Images\0926.jpg	NY	Left	No	1.21744359999866	0	409813	234
801.45703125	1	health	trialStart	2	114	54	foodImage.69	FOODEEG_Images\0693.jpg	NY	Left	No	2.12441119999858	0	410347	251
802.5	2	health	foodImageDisplay	2	114	54	foodImage.69	FOODEEG_Images\0693.jpg	NY	Left	No	2.12441119999858	0	410881	252
804.5625	2.12441119999858	health	choicePhaseStart	2	114	54	foodImage.69	FOODEEG_Images\0693.jpg	NY	Left	No	2.12441119999858	0	411937	253
806.677734375	0	health	response	2	114	54	foodImage.69	FOODEEG_Images\0693.jpg	NY	Left	No	2.12441119999858	0	413020	234
807.720703125	1	taste	trialStart	2	115	55	foodImage.43	FOODEEG_Images\0445.jpg	YN	Right	No	1.26006430000052	0	413554	251
808.779296875	2	taste	foodImageDisplay	2	115	55	foodImage.43	FOODEEG_Images\0445.jpg	YN	Right	No	1.26006430000052	0	414096	252
810.84375	1.26006430000052	taste	choicePhaseStart	2	115	55	foodImage.43	FOODEEG_Images\0445.jpg	YN	Right	No	1.26006430000052	0	415153	253
812.09375	0	taste	response	2	115	55	foodImage.43	FOODEEG_Images\0445.jpg	YN	Right	No	1.26006430000052	0	415793	235
813.13671875	1	taste	trialStart	2	116	56	foodImage.72	FOODEEG_Images\0714.jpg	YN	Right	No	1.0361879000011	0	416327	251
814.181640625	2	taste	foodImageDisplay	2	116	56	foodImage.72	FOODEEG_Images\0714.jpg	YN	Right	No	1.0361879000011	0	416862	252
816.244140625	1.0361879000011	taste	choicePhaseStart	2	116	56	foodImage.72	FOODEEG_Images\0714.jpg	YN	Right	No	1.0361879000011	0	417918	253
817.271484375	0	taste	response	2	116	56	foodImage.72	FOODEEG_Images\0714.jpg	YN	Right	No	1.0361879000011	0	418444	235
818.318359375	1	decision	trialStart	2	117	57	foodImage.91	FOODEEG_Images\0896.jpg	YN	Left	Yes	1.14448020000054	0	418980	251
819.396484375	2	decision	foodImageDisplay	2	117	57	foodImage.91	FOODEEG_Images\0896.jpg	YN	Left	Yes	1.14448020000054	0	419532	252
821.462890625	1.14448020000054	decision	choicePhaseStart	2	117	57	foodImage.91	FOODEEG_Images\0896.jpg	YN	Left	Yes	1.14448020000054	0	420590	253
822.59765625	0	decision	response	2	117	57	foodImage.91	FOODEEG_Images\0896.jpg	YN	Left	Yes	1.14448020000054	0	421171	234
823.642578125	1	decision	trialStart	2	118	58	foodImage.18	FOODEEG_Images\0202.jpg	NY	Right	Yes	0.924765199997637	0	421706	251
824.69921875	2	decision	foodImageDisplay	2	118	58	foodImage.18	FOODEEG_Images\0202.jpg	NY	Right	Yes	0.924765199997637	0	422247	252
826.76171875	0.924765199997637	decision	choicePhaseStart	2	118	58	foodImage.18	FOODEEG_Images\0202.jpg	NY	Right	Yes	0.924765199997637	0	423303	253
827.677734375	0	decision	response	2	118	58	foodImage.18	FOODEEG_Images\0202.jpg	NY	Right	Yes	0.924765199997637	0	423772	235
828.72265625	1	health	trialStart	2	119	59	foodImage.8	FOODEEG_Images\0136.jpg	YN	Right	No	1.18049830000018	0	424307	251
829.763671875	2	health	foodImageDisplay	2	119	59	foodImage.8	FOODEEG_Images\0136.jpg	YN	Right	No	1.18049830000018	0	424840	252
831.826171875	1.18049830000018	health	choicePhaseStart	2	119	59	foodImage.8	FOODEEG_Images\0136.jpg	YN	Right	No	1.18049830000018	0	425896	253
832.998046875	0	health	response	2	119	59	foodImage.8	FOODEEG_Images\0136.jpg	YN	Right	No	1.18049830000018	0	426496	235
834.04296875	1	decision	trialStart	2	120	60	foodImage.35	FOODEEG_Images\0350.jpg	NY	Right	Yes	0.8910160000014	0	427031	251
835.091796875	2	decision	foodImageDisplay	2	120	60	foodImage.35	FOODEEG_Images\0350.jpg	NY	Right	Yes	0.8910160000014	0	427568	252
837.15625	0.8910160000014	decision	choicePhaseStart	2	120	60	foodImage.35	FOODEEG_Images\0350.jpg	NY	Right	Yes	0.8910160000014	0	428625	253
838.037109375	0	decision	response	2	120	60	foodImage.35	FOODEEG_Images\0350.jpg	NY	Right	Yes	0.8910160000014	0	429076	235
840.080078125	38.837890625	n/a	blockEnd	n/a	n/a	n/a	n/a	n/a	n/a	n/a	n/a	n/a	n/a	430122	254
878.91796875	2	n/a	blockStart	3	n/a	n/a	n/a	n/a	n/a	n/a	n/a	n/a	n/a	450007	250
880.953125	1	health	trialStart	3	121	1	foodImage.18	FOODEEG_Images\0202.jpg	NY	Right	Yes	0.942768500000966	0	451049	251
882.013671875	2	health	foodImageDisplay	3	121	1	foodImage.18	FOODEEG_Images\0202.jpg	NY	Right	Yes	0.942768500000966	0	451592	252
884.078125	0.942768500000966	health	choicePhaseStart	3	121	1	foodImage.18	FOODEEG_Images\0202.jpg	NY	Right	Yes	0.942768500000966	0	452649	253
885.01171875	0	health	response	3	121	1	foodImage.18	FOODEEG_Images\0202.jpg	NY	Right	Yes	0.942768500000966	0	453127	235
886.0546875	1	health	trialStart	3	122	2	foodImage.110	FOODEEG_Images\0918.jpg	NY	Left	No	1.72100489999866	0	453661	251
887.09375	2	health	foodImageDisplay	3	122	2	foodImage.110	FOODEEG_Images\0918.jpg	NY	Left	No	1.72100489999866	0	454193	252
889.15625	1.72100489999866	health	choicePhaseStart	3	122	2	foodImage.110	FOODEEG_Images\0918.jpg	NY	Left	No	1.72100489999866	0	455249	253
890.8671875	0	health	response	3	122	2	foodImage.110	FOODEEG_Images\0918.jpg	NY	Left	No	1.72100489999866	0	456125	234
891.91015625	1	taste	trialStart	3	123	3	foodImage.17	FOODEEG_Images\0199.jpg	NY	Right	Yes	1.05539180000051	0	456659	251
892.953125	2	taste	foodImageDisplay	3	123	3	foodImage.17	FOODEEG_Images\0199.jpg	NY	Right	Yes	1.05539180000051	0	457193	252
895.01953125	1.05539180000051	taste	choicePhaseStart	3	123	3	foodImage.17	FOODEEG_Images\0199.jpg	NY	Right	Yes	1.05539180000051	0	458251	253
896.06640625	0	taste	response	3	123	3	foodImage.17	FOODEEG_Images\0199.jpg	NY	Right	Yes	1.05539180000051	0	458787	235
897.109375	1	taste	trialStart	3	124	4	foodImage.1	FOODEEG_Images\0004.jpg	YN	Left	Yes	1.74679660000038	0	459321	251
898.150390625	2	taste	foodImageDisplay	3	124	4	foodImage.1	FOODEEG_Images\0004.jpg	YN	Left	Yes	1.74679660000038	0	459854	252
900.21484375	1.74679660000038	taste	choicePhaseStart	3	124	4	foodImage.1	FOODEEG_Images\0004.jpg	YN	Left	Yes	1.74679660000038	0	460911	253
901.955078125	0	taste	response	3	124	4	foodImage.1	FOODEEG_Images\0004.jpg	YN	Left	Yes	1.74679660000038	0	461802	234
902.998046875	1	health	trialStart	3	125	5	foodImage.59	FOODEEG_Images\0607.jpg	YN	Right	No	1.7283477000019	0	462336	251
904.044921875	2	health	foodImageDisplay	3	125	5	foodImage.59	FOODEEG_Images\0607.jpg	YN	Right	No	1.7283477000019	0	462872	252
906.107421875	1.7283477000019	health	choicePhaseStart	3	125	5	foodImage.59	FOODEEG_Images\0607.jpg	YN	Right	No	1.7283477000019	0	463928	253
907.826171875	0	health	response	3	125	5	foodImage.59	FOODEEG_Images\0607.jpg	YN	Right	No	1.7283477000019	0	464808	235
908.869140625	1	decision	trialStart	3	126	6	foodImage.38	FOODEEG_Images\0365.jpg	YN	Left	Yes	0.854778799999622	0	465342	251
909.91015625	2	decision	foodImageDisplay	3	126	6	foodImage.38	FOODEEG_Images\0365.jpg	YN	Left	Yes	0.854778799999622	0	465875	252
911.97265625	0.854778799999622	decision	choicePhaseStart	3	126	6	foodImage.38	FOODEEG_Images\0365.jpg	YN	Left	Yes	0.854778799999622	0	466931	253
912.818359375	0	decision	response	3	126	6	foodImage.38	FOODEEG_Images\0365.jpg	YN	Left	Yes	0.854778799999622	0	467364	234
913.861328125	1	health	trialStart	3	127	7	foodImage.25	FOODEEG_Images\0261.jpg	YN	Left	Yes	0.821311400002742	0	467898	251
914.908203125	2	health	foodImageDisplay	3	127	7	foodImage.25	FOODEEG_Images\0261.jpg	YN	Left	Yes	0.821311400002742	0	468434	252
916.98046875	0.821311400002742	health	choicePhaseStart	3	127	7	foodImage.25	FOODEEG_Images\0261.jpg	YN	Left	Yes	0.821311400002742	0	469495	253
917.794921875	0	health	response	3	127	7	foodImage.25	FOODEEG_Images\0261.jpg	YN	Left	Yes	0.821311400002742	0	469912	234
918.8359375	1	decision	trialStart	3	128	8	foodImage.36	FOODEEG_Images\0352.jpg	NY	Right	Yes	1.03737349999938	0	470445	251
919.90625	2	decision	foodImageDisplay	3	128	8	foodImage.36	FOODEEG_Images\0352.jpg	NY	Right	Yes	1.03737349999938	0	470993	252
921.974609375	1.03737349999938	decision	choicePhaseStart	3	128	8	foodImage.36	FOODEEG_Images\0352.jpg	NY	Right	Yes	1.03737349999938	0	472052	253
923.001953125	0	decision	response	3	128	8	foodImage.36	FOODEEG_Images\0352.jpg	NY	Right	Yes	1.03737349999938	0	472578	235
924.052734375	1	health	trialStart	3	129	9	foodImage.96	FOODEEG_Images\0904.jpg	NY	Right	Yes	1.48722620000262	0	473116	251
925.091796875	2	health	foodImageDisplay	3	129	9	foodImage.96	FOODEEG_Images\0904.jpg	NY	Right	Yes	1.48722620000262	0	473648	252
927.15625	1.48722620000262	health	choicePhaseStart	3	129	9	foodImage.96	FOODEEG_Images\0904.jpg	NY	Right	Yes	1.48722620000262	0	474705	253
928.634765625	0	health	response	3	129	9	foodImage.96	FOODEEG_Images\0904.jpg	NY	Right	Yes	1.48722620000262	0	475462	235
929.67578125	1	decision	trialStart	3	130	10	foodImage.13	FOODEEG_Images\0183.jpg	YN	Right	No	1.06122479999976	0	475995	251
930.71875	2	decision	foodImageDisplay	3	130	10	foodImage.13	FOODEEG_Images\0183.jpg	YN	Right	No	1.06122479999976	0	476529	252
932.78125	1.06122479999976	decision	choicePhaseStart	3	130	10	foodImage.13	FOODEEG_Images\0183.jpg	YN	Right	No	1.06122479999976	0	477585	253
933.833984375	0	decision	response	3	130	10	foodImage.13	FOODEEG_Images\0183.jpg	YN	Right	No	1.06122479999976	0	478124	235
934.876953125	1	decision	trialStart	3	131	11	foodImage.114	FOODEEG_Images\0922.jpg	YN	Right	No	0.943851899999572	0	478658	251
935.916015625	2	decision	foodImageDisplay	3	131	11	foodImage.114	FOODEEG_Images\0922.jpg	YN	Right	No	0.943851899999572	0	479190	252
937.978515625	0.943851899999572	decision	choicePhaseStart	3	131	11	foodImage.114	FOODEEG_Images\0922.jpg	YN	Right	No	0.943851899999572	0	480246	253
938.9140625	0	decision	response	3	131	11	foodImage.114	FOODEEG_Images\0922.jpg	YN	Right	No	0.943851899999572	0	480725	235
939.955078125	1	health	trialStart	3	132	12	foodImage.38	FOODEEG_Images\0365.jpg	NY	Right	Yes	1.33154899999863	0	481258	251
941.0078125	2	health	foodImageDisplay	3	132	12	foodImage.38	FOODEEG_Images\0365.jpg	NY	Right	Yes	1.33154899999863	0	481797	252
943.0703125	1.33154899999863	health	choicePhaseStart	3	132	12	foodImage.38	FOODEEG_Images\0365.jpg	NY	Right	Yes	1.33154899999863	0	482853	253
944.392578125	0	health	response	3	132	12	foodImage.38	FOODEEG_Images\0365.jpg	NY	Right	Yes	1.33154899999863	0	483530	235
945.4375	1	decision	trialStart	3	133	13	foodImage.84	FOODEEG_Images\0830.jpg	YN	Left	Yes	0.828060699997877	0	484065	251
946.494140625	2	decision	foodImageDisplay	3	133	13	foodImage.84	FOODEEG_Images\0830.jpg	YN	Left	Yes	0.828060699997877	0	484606	252
948.55859375	0.828060699997877	decision	choicePhaseStart	3	133	13	foodImage.84	FOODEEG_Images\0830.jpg	YN	Left	Yes	0.828060699997877	0	485663	253
949.376953125	0	decision	response	3	133	13	foodImage.84	FOODEEG_Images\0830.jpg	YN	Left	Yes	0.828060699997877	0	486082	234
950.419921875	1	taste	trialStart	3	134	14	foodImage.3	FOODEEG_Images\0046.jpg	NY	Right	Yes	0.796186299998226	0	486616	251
951.484375	2	taste	foodImageDisplay	3	134	14	foodImage.3	FOODEEG_Images\0046.jpg	NY	Right	Yes	0.796186299998226	0	487161	252
953.546875	0.796186299998226	taste	choicePhaseStart	3	134	14	foodImage.3	FOODEEG_Images\0046.jpg	NY	Right	Yes	0.796186299998226	0	488217	253
954.3359375	0	taste	response	3	134	14	foodImage.3	FOODEEG_Images\0046.jpg	NY	Right	Yes	0.796186299998226	0	488621	235
955.37890625	1	taste	trialStart	3	135	15	foodImage.116	FOODEEG_Images\0924.jpg	YN	Right	No	0.697269699998287	0	489155	251
956.41796875	2	taste	foodImageDisplay	3	135	15	foodImage.116	FOODEEG_Images\0924.jpg	YN	Right	No	0.697269699998287	0	489687	252
958.482421875	0.697269699998287	taste	choicePhaseStart	3	135	15	foodImage.116	FOODEEG_Images\0924.jpg	YN	Right	No	0.697269699998287	0	490744	253
959.169921875	0	taste	response	3	135	15	foodImage.116	FOODEEG_Images\0924.jpg	YN	Right	No	0.697269699998287	0	491096	235
960.220703125	1	health	trialStart	3	136	16	foodImage.39	FOODEEG_Images\0367.jpg	NY	Left	No	2.97553100000005	0	491634	251
961.2578125	2	health	foodImageDisplay	3	136	16	foodImage.39	FOODEEG_Images\0367.jpg	NY	Left	No	2.97553100000005	0	492165	252
963.322265625	2.97553100000005	health	choicePhaseStart	3	136	16	foodImage.39	FOODEEG_Images\0367.jpg	NY	Left	No	2.97553100000005	0	493222	253
966.2890625	0	health	response	3	136	16	foodImage.39	FOODEEG_Images\0367.jpg	NY	Left	No	2.97553100000005	0	494741	234
967.33203125	1	decision	trialStart	3	137	17	foodImage.3	FOODEEG_Images\0046.jpg	YN	Right	No	3.87078670000119	0	495275	251
968.37109375	2	decision	foodImageDisplay	3	137	17	foodImage.3	FOODEEG_Images\0046.jpg	YN	Right	No	3.87078670000119	0	495807	252
970.435546875	3.87078670000119	decision	choicePhaseStart	3	137	17	foodImage.3	FOODEEG_Images\0046.jpg	YN	Right	No	3.87078670000119	0	496864	253
974.294921875	0	decision	response	3	137	17	foodImage.3	FOODEEG_Images\0046.jpg	YN	Right	No	3.87078670000119	0	498840	235
975.337890625	1	decision	trialStart	3	138	18	foodImage.10	FOODEEG_Images\0145.jpg	NY	Right	Yes	0.884567200002493	0	499374	251
976.421875	2	decision	foodImageDisplay	3	138	18	foodImage.10	FOODEEG_Images\0145.jpg	NY	Right	Yes	0.884567200002493	0	499929	252
978.484375	0.884567200002493	decision	choicePhaseStart	3	138	18	foodImage.10	FOODEEG_Images\0145.jpg	NY	Right	Yes	0.884567200002493	0	500985	253
979.359375	0	decision	response	3	138	18	foodImage.10	FOODEEG_Images\0145.jpg	NY	Right	Yes	0.884567200002493	0	501433	235
980.404296875	1	decision	trialStart	3	139	19	foodImage.102	FOODEEG_Images\0910.jpg	NY	Left	No	0.862629800001741	0	501968	251
981.44140625	2	decision	foodImageDisplay	3	139	19	foodImage.102	FOODEEG_Images\0910.jpg	NY	Left	No	0.862629800001741	0	502499	252
983.505859375	0.862629800001741	decision	choicePhaseStart	3	139	19	foodImage.102	FOODEEG_Images\0910.jpg	NY	Left	No	0.862629800001741	0	503556	253
984.359375	0	decision	response	3	139	19	foodImage.102	FOODEEG_Images\0910.jpg	NY	Left	No	0.862629800001741	0	503993	234
985.40234375	1	health	trialStart	3	140	20	foodImage.80	FOODEEG_Images\0796.jpg	YN	Left	Yes	0.858497600002011	0	504527	251
986.458984375	2	health	foodImageDisplay	3	140	20	foodImage.80	FOODEEG_Images\0796.jpg	YN	Left	Yes	0.858497600002011	0	505068	252
988.5234375	0.858497600002011	health	choicePhaseStart	3	140	20	foodImage.80	FOODEEG_Images\0796.jpg	YN	Left	Yes	0.858497600002011	0	506125	253
989.375	0	health	response	3	140	20	foodImage.80	FOODEEG_Images\0796.jpg	YN	Left	Yes	0.858497600002011	0	506561	234
990.42578125	1	health	trialStart	3	141	21	foodImage.113	FOODEEG_Images\0921.jpg	YN	Right	No	0.711571499999991	0	507099	251
991.46484375	2	health	foodImageDisplay	3	141	21	foodImage.113	FOODEEG_Images\0921.jpg	YN	Right	No	0.711571499999991	0	507631	252
993.529296875	0.711571499999991	health	choicePhaseStart	3	141	21	foodImage.113	FOODEEG_Images\0921.jpg	YN	Right	No	0.711571499999991	0	508688	253
994.23046875	0	health	response	3	141	21	foodImage.113	FOODEEG_Images\0921.jpg	YN	Right	No	0.711571499999991	0	509047	235
995.275390625	1	taste	trialStart	3	142	22	foodImage.73	FOODEEG_Images\0717.jpg	NY	Left	No	1.35719859999881	0	509582	251
996.35546875	2	taste	foodImageDisplay	3	142	22	foodImage.73	FOODEEG_Images\0717.jpg	NY	Left	No	1.35719859999881	0	510135	252
998.419921875	1.35719859999881	taste	choicePhaseStart	3	142	22	foodImage.73	FOODEEG_Images\0717.jpg	NY	Left	No	1.35719859999881	0	511192	253
999.767578125	0	taste	response	3	142	22	foodImage.73	FOODEEG_Images\0717.jpg	NY	Left	No	1.35719859999881	0	511882	234
1000.810546875	1	taste	trialStart	3	143	23	foodImage.48	FOODEEG_Images\0494.jpg	NY	Left	No	1.01871380000011	0	512416	251
1001.853515625	2	taste	foodImageDisplay	3	143	23	foodImage.48	FOODEEG_Images\0494.jpg	NY	Left	No	1.01871380000011	0	512950	252
1003.91796875	1.01871380000011	taste	choicePhaseStart	3	143	23	foodImage.48	FOODEEG_Images\0494.jpg	NY	Left	No	1.01871380000011	0	514007	253
1004.927734375	0	taste	response	3	143	23	foodImage.48	FOODEEG_Images\0494.jpg	NY	Left	No	1.01871380000011	0	514524	234
1005.970703125	1	health	trialStart	3	144	24	foodImage.104	FOODEEG_Images\0912.jpg	NY	Left	No	1.17675330000202	0	515058	251
1007.0078125	2	health	foodImageDisplay	3	144	24	foodImage.104	FOODEEG_Images\0912.jpg	NY	Left	No	1.17675330000202	0	515589	252
1009.0703125	1.17675330000202	health	choicePhaseStart	3	144	24	foodImage.104	FOODEEG_Images\0912.jpg	NY	Left	No	1.17675330000202	0	516645	253
1010.23828125	0	health	response	3	144	24	foodImage.104	FOODEEG_Images\0912.jpg	NY	Left	No	1.17675330000202	0	517243	234
1011.28125	1	decision	trialStart	3	145	25	foodImage.22	FOODEEG_Images\0236.jpg	NY	Right	Yes	0.801873399999749	0	517777	251
1012.322265625	2	decision	foodImageDisplay	3	145	25	foodImage.22	FOODEEG_Images\0236.jpg	NY	Right	Yes	0.801873399999749	0	518310	252
1014.38671875	0.801873399999749	decision	choicePhaseStart	3	145	25	foodImage.22	FOODEEG_Images\0236.jpg	NY	Right	Yes	0.801873399999749	0	519367	253
1015.181640625	0	decision	response	3	145	25	foodImage.22	FOODEEG_Images\0236.jpg	NY	Right	Yes	0.801873399999749	0	519774	235
1016.224609375	1	health	trialStart	3	146	26	foodImage.62	FOODEEG_Images\0644.jpg	NY	Right	Yes	1.7887791999965	0	520308	251
1017.283203125	2	health	foodImageDisplay	3	146	26	foodImage.62	FOODEEG_Images\0644.jpg	NY	Right	Yes	1.7887791999965	0	520850	252
1019.345703125	1.7887791999965	health	choicePhaseStart	3	146	26	foodImage.62	FOODEEG_Images\0644.jpg	NY	Right	Yes	1.7887791999965	0	521906	253
1021.126953125	0	health	response	3	146	26	foodImage.62	FOODEEG_Images\0644.jpg	NY	Right	Yes	1.7887791999965	0	522818	235
1022.169921875	1	health	trialStart	3	147	27	foodImage.29	FOODEEG_Images\0278.jpg	YN	Left	Yes	2.34033429999909	0	523352	251
1023.2109375	2	health	foodImageDisplay	3	147	27	foodImage.29	FOODEEG_Images\0278.jpg	YN	Left	Yes	2.34033429999909	0	523885	252
1025.275390625	2.34033429999909	health	choicePhaseStart	3	147	27	foodImage.29	FOODEEG_Images\0278.jpg	YN	Left	Yes	2.34033429999909	0	524942	253
1027.60546875	0	health	response	3	147	27	foodImage.29	FOODEEG_Images\0278.jpg	YN	Left	Yes	2.34033429999909	0	526135	234
1028.6484375	1	decision	trialStart	3	148	28	foodImage.106	FOODEEG_Images\0914.jpg	NY	Right	Yes	0.723337999999785	0	526669	251
1029.6875	2	decision	foodImageDisplay	3	148	28	foodImage.106	FOODEEG_Images\0914.jpg	NY	Right	Yes	0.723337999999785	0	527201	252
1031.755859375	0.723337999999785	decision	choicePhaseStart	3	148	28	foodImage.106	FOODEEG_Images\0914.jpg	NY	Right	Yes	0.723337999999785	0	528260	253
1032.470703125	0	decision	response	3	148	28	foodImage.106	FOODEEG_Images\0914.jpg	NY	Right	Yes	0.723337999999785	0	528626	235
1033.517578125	1	taste	trialStart	3	149	29	foodImage.12	FOODEEG_Images\0181.jpg	YN	Left	Yes	2.46097119999831	0	529162	251
1034.560546875	2	taste	foodImageDisplay	3	149	29	foodImage.12	FOODEEG_Images\0181.jpg	YN	Left	Yes	2.46097119999831	0	529696	252
1036.625	2.46097119999831	taste	choicePhaseStart	3	149	29	foodImage.12	FOODEEG_Images\0181.jpg	YN	Left	Yes	2.46097119999831	0	530753	253
1039.076171875	0	taste	response	3	149	29	foodImage.12	FOODEEG_Images\0181.jpg	YN	Left	Yes	2.46097119999831	0	532008	234
1040.12109375	1	decision	trialStart	3	150	30	foodImage.9	FOODEEG_Images\0138.jpg	YN	Right	No	1.4100929999986	0	532543	251
1041.177734375	2	decision	foodImageDisplay	3	150	30	foodImage.9	FOODEEG_Images\0138.jpg	YN	Right	No	1.4100929999986	0	533084	252
1043.244140625	1.4100929999986	decision	choicePhaseStart	3	150	30	foodImage.9	FOODEEG_Images\0138.jpg	YN	Right	No	1.4100929999986	0	534142	253
1044.64453125	0	decision	response	3	150	30	foodImage.9	FOODEEG_Images\0138.jpg	YN	Right	No	1.4100929999986	0	534859	235
1045.689453125	1	health	trialStart	3	151	31	foodImage.64	FOODEEG_Images\0647.jpg	YN	Left	Yes	2.38709119999839	0	535394	251
1046.748046875	2	health	foodImageDisplay	3	151	31	foodImage.64	FOODEEG_Images\0647.jpg	YN	Left	Yes	2.38709119999839	0	535936	252
1048.810546875	2.38709119999839	health	choicePhaseStart	3	151	31	foodImage.64	FOODEEG_Images\0647.jpg	YN	Left	Yes	2.38709119999839	0	536992	253
1051.189453125	0	health	response	3	151	31	foodImage.64	FOODEEG_Images\0647.jpg	YN	Left	Yes	2.38709119999839	0	538210	234
1052.232421875	1	decision	trialStart	3	152	32	foodImage.53	FOODEEG_Images\0547.jpg	YN	Right	No	1.25926690000051	0	538744	251
1053.291015625	2	decision	foodImageDisplay	3	152	32	foodImage.53	FOODEEG_Images\0547.jpg	YN	Right	No	1.25926690000051	0	539286	252
1055.35546875	1.25926690000051	decision	choicePhaseStart	3	152	32	foodImage.53	FOODEEG_Images\0547.jpg	YN	Right	No	1.25926690000051	0	540343	253
1056.60546875	0	decision	response	3	152	32	foodImage.53	FOODEEG_Images\0547.jpg	YN	Right	No	1.25926690000051	0	540983	235
1057.673828125	1	decision	trialStart	3	153	33	foodImage.55	FOODEEG_Images\0567.jpg	NY	Right	Yes	0.818546500002412	0	541530	251
1058.73046875	2	decision	foodImageDisplay	3	153	33	foodImage.55	FOODEEG_Images\0567.jpg	NY	Right	Yes	0.818546500002412	0	542071	252
1060.794921875	0.818546500002412	decision	choicePhaseStart	3	153	33	foodImage.55	FOODEEG_Images\0567.jpg	NY	Right	Yes	0.818546500002412	0	543128	253
1061.60546875	0	decision	response	3	153	33	foodImage.55	FOODEEG_Images\0567.jpg	NY	Right	Yes	0.818546500002412	0	543543	235
1062.6484375	1	decision	trialStart	3	154	34	foodImage.74	FOODEEG_Images\0752.jpg	NY	Right	Yes	0.964538500000344	0	544077	251
1063.712890625	2	decision	foodImageDisplay	3	154	34	foodImage.74	FOODEEG_Images\0752.jpg	NY	Right	Yes	0.964538500000344	0	544622	252
1065.78125	0.964538500000344	decision	choicePhaseStart	3	154	34	foodImage.74	FOODEEG_Images\0752.jpg	NY	Right	Yes	0.964538500000344	0	545681	253
1066.740234375	0	decision	response	3	154	34	foodImage.74	FOODEEG_Images\0752.jpg	NY	Right	Yes	0.964538500000344	0	546172	235
1067.78125	1	health	trialStart	3	155	35	foodImage.44	FOODEEG_Images\0459.jpg	YN	Left	Yes	1.18530860000101	0	546705	251
1068.828125	2	health	foodImageDisplay	3	155	35	foodImage.44	FOODEEG_Images\0459.jpg	YN	Left	Yes	1.18530860000101	0	547241	252
1070.892578125	1.18530860000101	health	choicePhaseStart	3	155	35	foodImage.44	FOODEEG_Images\0459.jpg	YN	Left	Yes	1.18530860000101	0	548298	253
1072.068359375	0	health	response	3	155	35	foodImage.44	FOODEEG_Images\0459.jpg	YN	Left	Yes	1.18530860000101	0	548900	234
1073.111328125	1	health	trialStart	3	156	36	foodImage.31	FOODEEG_Images\0294.jpg	NY	Left	No	0.988240599999699	0	549434	251
1074.154296875	2	health	foodImageDisplay	3	156	36	foodImage.31	FOODEEG_Images\0294.jpg	NY	Left	No	0.988240599999699	0	549968	252
1076.216796875	0.988240599999699	health	choicePhaseStart	3	156	36	foodImage.31	FOODEEG_Images\0294.jpg	NY	Left	No	0.988240599999699	0	551024	253
1077.1953125	0	health	response	3	156	36	foodImage.31	FOODEEG_Images\0294.jpg	NY	Left	No	0.988240599999699	0	551525	234
1078.23828125	1	taste	trialStart	3	157	37	foodImage.51	FOODEEG_Images\0536.jpg	NY	Right	Yes	1.35194120000233	0	552059	251
1079.28515625	2	taste	foodImageDisplay	3	157	37	foodImage.51	FOODEEG_Images\0536.jpg	NY	Right	Yes	1.35194120000233	0	552595	252
1081.34765625	1.35194120000233	taste	choicePhaseStart	3	157	37	foodImage.51	FOODEEG_Images\0536.jpg	NY	Right	Yes	1.35194120000233	0	553651	253
1082.69140625	0	taste	response	3	157	37	foodImage.51	FOODEEG_Images\0536.jpg	NY	Right	Yes	1.35194120000233	0	554339	235
1083.7421875	1	health	trialStart	3	158	38	foodImage.53	FOODEEG_Images\0547.jpg	YN	Right	No	0.998503000002529	0	554877	251
1084.822265625	2	health	foodImageDisplay	3	158	38	foodImage.53	FOODEEG_Images\0547.jpg	YN	Right	No	0.998503000002529	0	555430	252
1086.884765625	0.998503000002529	health	choicePhaseStart	3	158	38	foodImage.53	FOODEEG_Images\0547.jpg	YN	Right	No	0.998503000002529	0	556486	253
1087.875	0	health	response	3	158	38	foodImage.53	FOODEEG_Images\0547.jpg	YN	Right	No	0.998503000002529	0	556993	235
1088.91796875	1	taste	trialStart	3	159	39	foodImage.45	FOODEEG_Images\0478.jpg	YN	Left	Yes	0.952890799999295	0	557527	251
1089.96484375	2	taste	foodImageDisplay	3	159	39	foodImage.45	FOODEEG_Images\0478.jpg	YN	Left	Yes	0.952890799999295	0	558063	252
1092.029296875	0.952890799999295	taste	choicePhaseStart	3	159	39	foodImage.45	FOODEEG_Images\0478.jpg	YN	Left	Yes	0.952890799999295	0	559120	253
1092.97265625	0	taste	response	3	159	39	foodImage.45	FOODEEG_Images\0478.jpg	YN	Left	Yes	0.952890799999295	0	559603	234
1094.015625	1	health	trialStart	3	160	40	foodImage.57	FOODEEG_Images\0587.jpg	NY	Left	No	2.29160019999836	0	560137	251
1095.080078125	2	health	foodImageDisplay	3	160	40	foodImage.57	FOODEEG_Images\0587.jpg	NY	Left	No	2.29160019999836	0	560682	252
1097.14453125	2.29160019999836	health	choicePhaseStart	3	160	40	foodImage.57	FOODEEG_Images\0587.jpg	NY	Left	No	2.29160019999836	0	561739	253
1099.427734375	0	health	response	3	160	40	foodImage.57	FOODEEG_Images\0587.jpg	NY	Left	No	2.29160019999836	0	562908	234
1100.470703125	1	taste	trialStart	3	161	41	foodImage.119	FOODEEG_Images\0927.jpg	YN	Right	No	1.03126210000119	0	563442	251
1101.509765625	2	taste	foodImageDisplay	3	161	41	foodImage.119	FOODEEG_Images\0927.jpg	YN	Right	No	1.03126210000119	0	563974	252
1103.572265625	1.03126210000119	taste	choicePhaseStart	3	161	41	foodImage.119	FOODEEG_Images\0927.jpg	YN	Right	No	1.03126210000119	0	565030	253
1104.595703125	0	taste	response	3	161	41	foodImage.119	FOODEEG_Images\0927.jpg	YN	Right	No	1.03126210000119	0	565554	235
1105.638671875	1	health	trialStart	3	162	42	foodImage.26	FOODEEG_Images\0262.jpg	YN	Left	Yes	1.15405110000211	0	566088	251
1106.681640625	2	health	foodImageDisplay	3	162	42	foodImage.26	FOODEEG_Images\0262.jpg	YN	Left	Yes	1.15405110000211	0	566622	252
1108.74609375	1.15405110000211	health	choicePhaseStart	3	162	42	foodImage.26	FOODEEG_Images\0262.jpg	YN	Left	Yes	1.15405110000211	0	567679	253
1109.890625	0	health	response	3	162	42	foodImage.26	FOODEEG_Images\0262.jpg	YN	Left	Yes	1.15405110000211	0	568265	234
1110.95703125	1	decision	trialStart	3	163	43	foodImage.82	FOODEEG_Images\0805.jpg	YN	Right	No	1.00771850000092	0	568811	251
1112.013671875	2	decision	foodImageDisplay	3	163	43	foodImage.82	FOODEEG_Images\0805.jpg	YN	Right	No	1.00771850000092	0	569352	252
1114.076171875	1.00771850000092	decision	choicePhaseStart	3	163	43	foodImage.82	FOODEEG_Images\0805.jpg	YN	Right	No	1.00771850000092	0	570408	253
1115.07421875	0	decision	response	3	163	43	foodImage.82	FOODEEG_Images\0805.jpg	YN	Right	No	1.00771850000092	0	570919	235
1116.115234375	1	taste	trialStart	3	164	44	foodImage.75	FOODEEG_Images\0763.jpg	YN	Right	No	1.79217330000029	0	571452	251
1117.1796875	2	taste	foodImageDisplay	3	164	44	foodImage.75	FOODEEG_Images\0763.jpg	YN	Right	No	1.79217330000029	0	571997	252
1119.244140625	1.79217330000029	taste	choicePhaseStart	3	164	44	foodImage.75	FOODEEG_Images\0763.jpg	YN	Right	No	1.79217330000029	0	573054	253
1121.025390625	0	taste	response	3	164	44	foodImage.75	FOODEEG_Images\0763.jpg	YN	Right	No	1.79217330000029	0	573966	235
1122.068359375	1	health	trialStart	3	165	45	foodImage.85	FOODEEG_Images\0841.jpg	NY	Left	No	1.02069219999976	0	574500	251
1123.126953125	2	health	foodImageDisplay	3	165	45	foodImage.85	FOODEEG_Images\0841.jpg	NY	Left	No	1.02069219999976	0	575042	252
1125.189453125	1.02069219999976	health	choicePhaseStart	3	165	45	foodImage.85	FOODEEG_Images\0841.jpg	NY	Left	No	1.02069219999976	0	576098	253
1126.201171875	0	health	response	3	165	45	foodImage.85	FOODEEG_Images\0841.jpg	NY	Left	No	1.02069219999976	0	576616	234
1127.244140625	1	decision	trialStart	3	166	46	foodImage.89	FOODEEG_Images\0881.jpg	NY	Right	Yes	0.843268399999943	0	577150	251
1128.326171875	2	decision	foodImageDisplay	3	166	46	foodImage.89	FOODEEG_Images\0881.jpg	NY	Right	Yes	0.843268399999943	0	577704	252
1130.390625	0.843268399999943	decision	choicePhaseStart	3	166	46	foodImage.89	FOODEEG_Images\0881.jpg	NY	Right	Yes	0.843268399999943	0	578761	253
1131.2265625	0	decision	response	3	166	46	foodImage.89	FOODEEG_Images\0881.jpg	NY	Right	Yes	0.843268399999943	0	579189	235
1132.275390625	1	decision	trialStart	3	167	47	foodImage.17	FOODEEG_Images\0199.jpg	NY	Right	Yes	2.57559059999767	0	579726	251
1133.31640625	2	decision	foodImageDisplay	3	167	47	foodImage.17	FOODEEG_Images\0199.jpg	NY	Right	Yes	2.57559059999767	0	580259	252
1135.37890625	2.57559059999767	decision	choicePhaseStart	3	167	47	foodImage.17	FOODEEG_Images\0199.jpg	NY	Right	Yes	2.57559059999767	0	581315	253
1137.9453125	0	decision	response	3	167	47	foodImage.17	FOODEEG_Images\0199.jpg	NY	Right	Yes	2.57559059999767	0	582629	235
1138.9921875	1	health	trialStart	3	168	48	foodImage.76	FOODEEG_Images\0766.jpg	NY	Right	Yes	1.46305479999864	0	583165	251
1140.044921875	2	health	foodImageDisplay	3	168	48	foodImage.76	FOODEEG_Images\0766.jpg	NY	Right	Yes	1.46305479999864	0	583704	252
1142.11328125	1.46305479999864	health	choicePhaseStart	3	168	48	foodImage.76	FOODEEG_Images\0766.jpg	NY	Right	Yes	1.46305479999864	0	584763	253
1143.568359375	0	health	response	3	168	48	foodImage.76	FOODEEG_Images\0766.jpg	NY	Right	Yes	1.46305479999864	0	585508	235
1144.61328125	1	taste	trialStart	3	169	49	foodImage.53	FOODEEG_Images\0547.jpg	NY	Left	No	0.940802099998109	0	586043	251
1145.669921875	2	taste	foodImageDisplay	3	169	49	foodImage.53	FOODEEG_Images\0547.jpg	NY	Left	No	0.940802099998109	0	586584	252
1147.732421875	0.940802099998109	taste	choicePhaseStart	3	169	49	foodImage.53	FOODEEG_Images\0547.jpg	NY	Left	No	0.940802099998109	0	587640	253
1148.6640625	0	taste	response	3	169	49	foodImage.53	FOODEEG_Images\0547.jpg	NY	Left	No	0.940802099998109	0	588117	234
1149.705078125	1	health	trialStart	3	170	50	foodImage.109	FOODEEG_Images\0917.jpg	NY	Left	No	1.34857859999829	0	588650	251
1150.7421875	2	health	foodImageDisplay	3	170	50	foodImage.109	FOODEEG_Images\0917.jpg	NY	Left	No	1.34857859999829	0	589181	252
1152.8046875	1.34857859999829	health	choicePhaseStart	3	170	50	foodImage.109	FOODEEG_Images\0917.jpg	NY	Left	No	1.34857859999829	0	590237	253
1154.14453125	0	health	response	3	170	50	foodImage.109	FOODEEG_Images\0917.jpg	NY	Left	No	1.34857859999829	0	590923	234
1155.189453125	1	decision	trialStart	3	171	51	foodImage.86	FOODEEG_Images\0844.jpg	NY	Left	No	1.62511330000052	0	591458	251
1156.24609375	2	decision	foodImageDisplay	3	171	51	foodImage.86	FOODEEG_Images\0844.jpg	NY	Left	No	1.62511330000052	0	591999	252
1158.3125	1.62511330000052	decision	choicePhaseStart	3	171	51	foodImage.86	FOODEEG_Images\0844.jpg	NY	Left	No	1.62511330000052	0	593057	253
1159.927734375	0	decision	response	3	171	51	foodImage.86	FOODEEG_Images\0844.jpg	NY	Left	No	1.62511330000052	0	593884	234
1160.970703125	1	taste	trialStart	3	172	52	foodImage.96	FOODEEG_Images\0904.jpg	NY	Left	No	1.08198379999885	0	594418	251
1162.025390625	2	taste	foodImageDisplay	3	172	52	foodImage.96	FOODEEG_Images\0904.jpg	NY	Left	No	1.08198379999885	0	594958	252
1164.087890625	1.08198379999885	taste	choicePhaseStart	3	172	52	foodImage.96	FOODEEG_Images\0904.jpg	NY	Left	No	1.08198379999885	0	596014	253
1165.16015625	0	taste	response	3	172	52	foodImage.96	FOODEEG_Images\0904.jpg	NY	Left	No	1.08198379999885	0	596563	234
1166.203125	1	health	trialStart	3	173	53	foodImage.105	FOODEEG_Images\0913.jpg	NY	Left	No	3.29766690000179	0	597097	251
1167.25	2	health	foodImageDisplay	3	173	53	foodImage.105	FOODEEG_Images\0913.jpg	NY	Left	No	3.29766690000179	0	597633	252
1169.3125	3.29766690000179	health	choicePhaseStart	3	173	53	foodImage.105	FOODEEG_Images\0913.jpg	NY	Left	No	3.29766690000179	0	598689	253
1172.599609375	0	health	response	3	173	53	foodImage.105	FOODEEG_Images\0913.jpg	NY	Left	No	3.29766690000179	0	600372	234
1173.642578125	1	taste	trialStart	3	174	54	foodImage.46	FOODEEG_Images\0479.jpg	NY	Right	Yes	0.732406800001627	0	600906	251
1174.701171875	2	taste	foodImageDisplay	3	174	54	foodImage.46	FOODEEG_Images\0479.jpg	NY	Right	Yes	0.732406800001627	0	601448	252
1176.765625	0.732406800001627	taste	choicePhaseStart	3	174	54	foodImage.46	FOODEEG_Images\0479.jpg	NY	Right	Yes	0.732406800001627	0	602505	253
1177.48828125	0	taste	response	3	174	54	foodImage.46	FOODEEG_Images\0479.jpg	NY	Right	Yes	0.732406800001627	0	602875	235
1178.53125	1	health	trialStart	3	175	55	foodImage.58	FOODEEG_Images\0605.jpg	YN	Left	Yes	0.922343499998533	0	603409	251
1179.591796875	2	health	foodImageDisplay	3	175	55	foodImage.58	FOODEEG_Images\0605.jpg	YN	Left	Yes	0.922343499998533	0	603952	252
1181.654296875	0.922343499998533	health	choicePhaseStart	3	175	55	foodImage.58	FOODEEG_Images\0605.jpg	YN	Left	Yes	0.922343499998533	0	605008	253
1182.568359375	0	health	response	3	175	55	foodImage.58	FOODEEG_Images\0605.jpg	YN	Left	Yes	0.922343499998533	0	605476	234
1183.609375	1	decision	trialStart	3	176	56	foodImage.60	FOODEEG_Images\0614.jpg	YN	Left	Yes	1.01322110000183	0	606009	251
1184.66796875	2	decision	foodImageDisplay	3	176	56	foodImage.60	FOODEEG_Images\0614.jpg	YN	Left	Yes	1.01322110000183	0	606551	252
1186.73046875	1.01322110000183	decision	choicePhaseStart	3	176	56	foodImage.60	FOODEEG_Images\0614.jpg	YN	Left	Yes	1.01322110000183	0	607607	253
1187.736328125	0	decision	response	3	176	56	foodImage.60	FOODEEG_Images\0614.jpg	YN	Left	Yes	1.01322110000183	0	608122	234
1188.779296875	1	health	trialStart	3	177	57	foodImage.46	FOODEEG_Images\0479.jpg	YN	Left	Yes	1.99608620000072	0	608656	251
1189.84765625	2	health	foodImageDisplay	3	177	57	foodImage.46	FOODEEG_Images\0479.jpg	YN	Left	Yes	1.99608620000072	0	609203	252
1191.908203125	1.99608620000072	health	choicePhaseStart	3	177	57	foodImage.46	FOODEEG_Images\0479.jpg	YN	Left	Yes	1.99608620000072	0	610258	253
1193.89453125	0	health	response	3	177	57	foodImage.46	FOODEEG_Images\0479.jpg	YN	Left	Yes	1.99608620000072	0	611275	234
1194.939453125	1	taste	trialStart	3	178	58	foodImage.102	FOODEEG_Images\0910.jpg	NY	Left	No	0.949443800000154	0	611810	251
1195.9765625	2	taste	foodImageDisplay	3	178	58	foodImage.102	FOODEEG_Images\0910.jpg	NY	Left	No	0.949443800000154	0	612341	252
1198.0390625	0.949443800000154	taste	choicePhaseStart	3	178	58	foodImage.102	FOODEEG_Images\0910.jpg	NY	Left	No	0.949443800000154	0	613397	253
1198.982421875	0	taste	response	3	178	58	foodImage.102	FOODEEG_Images\0910.jpg	NY	Left	No	0.949443800000154	0	613880	234
1200.02734375	1	taste	trialStart	3	179	59	foodImage.5	FOODEEG_Images\0107.jpg	YN	Left	Yes	0.835605299998861	0	614415	251
1201.083984375	2	taste	foodImageDisplay	3	179	59	foodImage.5	FOODEEG_Images\0107.jpg	YN	Left	Yes	0.835605299998861	0	614956	252
1203.1484375	0.835605299998861	taste	choicePhaseStart	3	179	59	foodImage.5	FOODEEG_Images\0107.jpg	YN	Left	Yes	0.835605299998861	0	616013	253
1203.974609375	0	taste	response	3	179	59	foodImage.5	FOODEEG_Images\0107.jpg	YN	Left	Yes	0.835605299998861	0	616436	234
1205.025390625	1	decision	trialStart	3	180	60	foodImage.48	FOODEEG_Images\0494.jpg	YN	Right	No	1.78192059999856	0	616974	251
1206.068359375	2	decision	foodImageDisplay	3	180	60	foodImage.48	FOODEEG_Images\0494.jpg	YN	Right	No	1.78192059999856	0	617508	252
1208.13671875	1.78192059999856	decision	choicePhaseStart	3	180	60	foodImage.48	FOODEEG_Images\0494.jpg	YN	Right	No	1.78192059999856	0	618567	253
1209.91015625	0	decision	response	3	180	60	foodImage.48	FOODEEG_Images\0494.jpg	YN	Right	No	1.78192059999856	0	619475	235
1211.953125	92.755859375	n/a	blockEnd	n/a	n/a	n/a	n/a	n/a	n/a	n/a	n/a	n/a	n/a	620521	254
1304.708984375	2	n/a	blockStart	4	n/a	n/a	n/a	n/a	n/a	n/a	n/a	n/a	n/a	668012	250
1306.7421875	1	decision	trialStart	4	181	1	foodImage.39	FOODEEG_Images\0367.jpg	YN	Right	No	1.02295080000113	0	669053	251
1307.78125	2	decision	foodImageDisplay	4	181	1	foodImage.39	FOODEEG_Images\0367.jpg	YN	Right	No	1.02295080000113	0	669585	252
1309.84375	1.02295080000113	decision	choicePhaseStart	4	181	1	foodImage.39	FOODEEG_Images\0367.jpg	YN	Right	No	1.02295080000113	0	670641	253
1310.859375	0	decision	response	4	181	1	foodImage.39	FOODEEG_Images\0367.jpg	YN	Right	No	1.02295080000113	0	671161	235
1311.90234375	1	decision	trialStart	4	182	2	foodImage.27	FOODEEG_Images\0263.jpg	NY	Right	Yes	0.976952599998185	0	671695	251
1312.947265625	2	decision	foodImageDisplay	4	182	2	foodImage.27	FOODEEG_Images\0263.jpg	NY	Right	Yes	0.976952599998185	0	672230	252
1315.01171875	0.976952599998185	decision	choicePhaseStart	4	182	2	foodImage.27	FOODEEG_Images\0263.jpg	NY	Right	Yes	0.976952599998185	0	673287	253
1315.978515625	0	decision	response	4	182	2	foodImage.27	FOODEEG_Images\0263.jpg	NY	Right	Yes	0.976952599998185	0	673782	235
1317.021484375	1	decision	trialStart	4	183	3	foodImage.25	FOODEEG_Images\0261.jpg	YN	Left	Yes	1.29229599999962	0	674316	251
1318.0625	2	decision	foodImageDisplay	4	183	3	foodImage.25	FOODEEG_Images\0261.jpg	YN	Left	Yes	1.29229599999962	0	674849	252
1320.125	1.29229599999962	decision	choicePhaseStart	4	183	3	foodImage.25	FOODEEG_Images\0261.jpg	YN	Left	Yes	1.29229599999962	0	675905	253
1321.41015625	0	decision	response	4	183	3	foodImage.25	FOODEEG_Images\0261.jpg	YN	Left	Yes	1.29229599999962	0	676563	234
1322.453125	1	taste	trialStart	4	184	4	foodImage.61	FOODEEG_Images\0640.jpg	NY	Left	No	1.10091639999882	0	677097	251
1323.494140625	2	taste	foodImageDisplay	4	184	4	foodImage.61	FOODEEG_Images\0640.jpg	NY	Left	No	1.10091639999882	0	677630	252
1325.55859375	1.10091639999882	taste	choicePhaseStart	4	184	4	foodImage.61	FOODEEG_Images\0640.jpg	NY	Left	No	1.10091639999882	0	678687	253
1326.650390625	0	taste	response	4	184	4	foodImage.61	FOODEEG_Images\0640.jpg	NY	Left	No	1.10091639999882	0	679246	234
1327.693359375	1	taste	trialStart	4	185	5	foodImage.6	FOODEEG_Images\0113.jpg	NY	Right	Yes	0.922452999999223	0	679780	251
1328.734375	2	taste	foodImageDisplay	4	185	5	foodImage.6	FOODEEG_Images\0113.jpg	NY	Right	Yes	0.922452999999223	0	680313	252
1330.798828125	0.922452999999223	taste	choicePhaseStart	4	185	5	foodImage.6	FOODEEG_Images\0113.jpg	NY	Right	Yes	0.922452999999223	0	681370	253
1331.71484375	0	taste	response	4	185	5	foodImage.6	FOODEEG_Images\0113.jpg	NY	Right	Yes	0.922452999999223	0	681839	235
1332.755859375	1	decision	trialStart	4	186	6	foodImage.99	FOODEEG_Images\0907.jpg	NY	Left	No	0.802597699999751	0	682372	251
1333.80078125	2	decision	foodImageDisplay	4	186	6	foodImage.99	FOODEEG_Images\0907.jpg	NY	Left	No	0.802597699999751	0	682907	252
1335.86328125	0.802597699999751	decision	choicePhaseStart	4	186	6	foodImage.99	FOODEEG_Images\0907.jpg	NY	Left	No	0.802597699999751	0	683963	253
1336.658203125	0	decision	response	4	186	6	foodImage.99	FOODEEG_Images\0907.jpg	NY	Left	No	0.802597699999751	0	684370	234
1337.703125	1	decision	trialStart	4	187	7	foodImage.34	FOODEEG_Images\0339.jpg	NY	Left	No	1.74938459999976	0	684905	251
1338.7578125	2	decision	foodImageDisplay	4	187	7	foodImage.34	FOODEEG_Images\0339.jpg	NY	Left	No	1.74938459999976	0	685445	252
1340.8203125	1.74938459999976	decision	choicePhaseStart	4	187	7	foodImage.34	FOODEEG_Images\0339.jpg	NY	Left	No	1.74938459999976	0	686501	253
1342.560546875	0	decision	response	4	187	7	foodImage.34	FOODEEG_Images\0339.jpg	NY	Left	No	1.74938459999976	0	687392	234
1343.60546875	1	decision	trialStart	4	188	8	foodImage.61	FOODEEG_Images\0640.jpg	YN	Right	No	1.15407200000118	0	687927	251
1344.6484375	2	decision	foodImageDisplay	4	188	8	foodImage.61	FOODEEG_Images\0640.jpg	YN	Right	No	1.15407200000118	0	688461	252
1346.712890625	1.15407200000118	decision	choicePhaseStart	4	188	8	foodImage.61	FOODEEG_Images\0640.jpg	YN	Right	No	1.15407200000118	0	689518	253
1347.857421875	0	decision	response	4	188	8	foodImage.61	FOODEEG_Images\0640.jpg	YN	Right	No	1.15407200000118	0	690104	235
1348.900390625	1	decision	trialStart	4	189	9	foodImage.109	FOODEEG_Images\0917.jpg	NY	Right	Yes	0.925461999999243	0	690638	251
1349.9453125	2	decision	foodImageDisplay	4	189	9	foodImage.109	FOODEEG_Images\0917.jpg	NY	Right	Yes	0.925461999999243	0	691173	252
1352.01171875	0.925461999999243	decision	choicePhaseStart	4	189	9	foodImage.109	FOODEEG_Images\0917.jpg	NY	Right	Yes	0.925461999999243	0	692231	253
1352.9296875	0	decision	response	4	189	9	foodImage.109	FOODEEG_Images\0917.jpg	NY	Right	Yes	0.925461999999243	0	692701	235
1353.97265625	1	decision	trialStart	4	190	10	foodImage.21	FOODEEG_Images\0234.jpg	YN	Left	Yes	0.954142200000206	0	693235	251
1355.052734375	2	decision	foodImageDisplay	4	190	10	foodImage.21	FOODEEG_Images\0234.jpg	YN	Left	Yes	0.954142200000206	0	693788	252
1357.1171875	0.954142200000206	decision	choicePhaseStart	4	190	10	foodImage.21	FOODEEG_Images\0234.jpg	YN	Left	Yes	0.954142200000206	0	694845	253
1358.064453125	0	decision	response	4	190	10	foodImage.21	FOODEEG_Images\0234.jpg	YN	Left	Yes	0.954142200000206	0	695330	234
1359.107421875	1	decision	trialStart	4	191	11	foodImage.119	FOODEEG_Images\0927.jpg	NY	Right	Yes	0.862572300000465	0	695864	251
1360.146484375	2	decision	foodImageDisplay	4	191	11	foodImage.119	FOODEEG_Images\0927.jpg	NY	Right	Yes	0.862572300000465	0	696396	252
1362.2109375	0.862572300000465	decision	choicePhaseStart	4	191	11	foodImage.119	FOODEEG_Images\0927.jpg	NY	Right	Yes	0.862572300000465	0	697453	253
1363.064453125	0	decision	response	4	191	11	foodImage.119	FOODEEG_Images\0927.jpg	NY	Right	Yes	0.862572300000465	0	697890	235
1364.11328125	1	taste	trialStart	4	192	12	foodImage.26	FOODEEG_Images\0262.jpg	NY	Left	No	0.838578699997015	0	698427	251
1365.15625	2	taste	foodImageDisplay	4	192	12	foodImage.26	FOODEEG_Images\0262.jpg	NY	Left	No	0.838578699997015	0	698961	252
1367.21875	0.838578699997015	taste	choicePhaseStart	4	192	12	foodImage.26	FOODEEG_Images\0262.jpg	NY	Left	No	0.838578699997015	0	700017	253
1368.048828125	0	taste	response	4	192	12	foodImage.26	FOODEEG_Images\0262.jpg	NY	Left	No	0.838578699997015	0	700442	234
1369.09375	1	decision	trialStart	4	193	13	foodImage.15	FOODEEG_Images\0189.jpg	YN	Right	No	1.27960650000023	0	700977	251
1370.154296875	2	decision	foodImageDisplay	4	193	13	foodImage.15	FOODEEG_Images\0189.jpg	YN	Right	No	1.27960650000023	0	701520	252
1372.216796875	1.27960650000023	decision	choicePhaseStart	4	193	13	foodImage.15	FOODEEG_Images\0189.jpg	YN	Right	No	1.27960650000023	0	702576	253
1373.48828125	0	decision	response	4	193	13	foodImage.15	FOODEEG_Images\0189.jpg	YN	Right	No	1.27960650000023	0	703227	235
1374.5546875	1	decision	trialStart	4	194	14	foodImage.42	FOODEEG_Images\0438.jpg	YN	Left	Yes	2.5397129999983	0	703773	251
1375.646484375	2	decision	foodImageDisplay	4	194	14	foodImage.42	FOODEEG_Images\0438.jpg	YN	Left	Yes	2.5397129999983	0	704332	252
1377.708984375	2.5397129999983	decision	choicePhaseStart	4	194	14	foodImage.42	FOODEEG_Images\0438.jpg	YN	Left	Yes	2.5397129999983	0	705388	253
1380.240234375	0	decision	response	4	194	14	foodImage.42	FOODEEG_Images\0438.jpg	YN	Left	Yes	2.5397129999983	0	706684	234
1381.283203125	1	decision	trialStart	4	195	15	foodImage.77	FOODEEG_Images\0771.jpg	NY	Right	Yes	0.984903700002178	0	707218	251
1382.328125	2	decision	foodImageDisplay	4	195	15	foodImage.77	FOODEEG_Images\0771.jpg	NY	Right	Yes	0.984903700002178	0	707753	252
1384.392578125	0.984903700002178	decision	choicePhaseStart	4	195	15	foodImage.77	FOODEEG_Images\0771.jpg	NY	Right	Yes	0.984903700002178	0	708810	253
1385.3671875	0	decision	response	4	195	15	foodImage.77	FOODEEG_Images\0771.jpg	NY	Right	Yes	0.984903700002178	0	709309	235
1386.41015625	1	health	trialStart	4	196	16	foodImage.6	FOODEEG_Images\0113.jpg	NY	Left	No	1.44668369999999	0	709843	251
1387.451171875	2	health	foodImageDisplay	4	196	16	foodImage.6	FOODEEG_Images\0113.jpg	NY	Left	No	1.44668369999999	0	710376	252
1389.513671875	1.44668369999999	health	choicePhaseStart	4	196	16	foodImage.6	FOODEEG_Images\0113.jpg	NY	Left	No	1.44668369999999	0	711432	253
1390.951171875	0	health	response	4	196	16	foodImage.6	FOODEEG_Images\0113.jpg	NY	Left	No	1.44668369999999	0	712168	234
1391.99609375	1	taste	trialStart	4	197	17	foodImage.42	FOODEEG_Images\0438.jpg	NY	Right	Yes	1.79664279999997	0	712703	251
1393.083984375	2	taste	foodImageDisplay	4	197	17	foodImage.42	FOODEEG_Images\0438.jpg	NY	Right	Yes	1.79664279999997	0	713260	252
1395.1484375	1.79664279999997	taste	choicePhaseStart	4	197	17	foodImage.42	FOODEEG_Images\0438.jpg	NY	Right	Yes	1.79664279999997	0	714317	253
1396.935546875	0	taste	response	4	197	17	foodImage.42	FOODEEG_Images\0438.jpg	NY	Right	Yes	1.79664279999997	0	715232	235
1397.978515625	1	taste	trialStart	4	198	18	foodImage.111	FOODEEG_Images\0919.jpg	YN	Right	No	0.823984099999507	0	715766	251
1399.015625	2	taste	foodImageDisplay	4	198	18	foodImage.111	FOODEEG_Images\0919.jpg	YN	Right	No	0.823984099999507	0	716297	252
1401.080078125	0.823984099999507	taste	choicePhaseStart	4	198	18	foodImage.111	FOODEEG_Images\0919.jpg	YN	Right	No	0.823984099999507	0	717354	253
1401.89453125	0	taste	response	4	198	18	foodImage.111	FOODEEG_Images\0919.jpg	YN	Right	No	0.823984099999507	0	717771	235
1402.9375	1	decision	trialStart	4	199	19	foodImage.28	FOODEEG_Images\0273.jpg	NY	Left	No	1.86749019999843	0	718305	251
1403.98046875	2	decision	foodImageDisplay	4	199	19	foodImage.28	FOODEEG_Images\0273.jpg	NY	Left	No	1.86749019999843	0	718839	252
1406.044921875	1.86749019999843	decision	choicePhaseStart	4	199	19	foodImage.28	FOODEEG_Images\0273.jpg	NY	Left	No	1.86749019999843	0	719896	253
1407.90234375	0	decision	response	4	199	19	foodImage.28	FOODEEG_Images\0273.jpg	NY	Left	No	1.86749019999843	0	720847	234
1408.9453125	1	health	trialStart	4	200	20	foodImage.98	FOODEEG_Images\0906.jpg	YN	Left	Yes	2.5359991999976	0	721381	251
1409.984375	2	health	foodImageDisplay	4	200	20	foodImage.98	FOODEEG_Images\0906.jpg	YN	Left	Yes	2.5359991999976	0	721913	252
1412.046875	2.5359991999976	health	choicePhaseStart	4	200	20	foodImage.98	FOODEEG_Images\0906.jpg	YN	Left	Yes	2.5359991999976	0	722969	253
1414.57421875	0	health	response	4	200	20	foodImage.98	FOODEEG_Images\0906.jpg	YN	Left	Yes	2.5359991999976	0	724263	234
1415.619140625	1	taste	trialStart	4	201	21	foodImage.114	FOODEEG_Images\0922.jpg	NY	Left	No	0.763059500000963	0	724798	251
1416.6640625	2	taste	foodImageDisplay	4	201	21	foodImage.114	FOODEEG_Images\0922.jpg	NY	Left	No	0.763059500000963	0	725333	252
1418.732421875	0.763059500000963	taste	choicePhaseStart	4	201	21	foodImage.114	FOODEEG_Images\0922.jpg	NY	Left	No	0.763059500000963	0	726392	253
1419.486328125	0	taste	response	4	201	21	foodImage.114	FOODEEG_Images\0922.jpg	NY	Left	No	0.763059500000963	0	726778	234
1420.529296875	1	decision	trialStart	4	202	22	foodImage.78	FOODEEG_Images\0787.jpg	NY	Right	Yes	0.873335099997348	0	727312	251
1421.57421875	2	decision	foodImageDisplay	4	202	22	foodImage.78	FOODEEG_Images\0787.jpg	NY	Right	Yes	0.873335099997348	0	727847	252
1423.638671875	0.873335099997348	decision	choicePhaseStart	4	202	22	foodImage.78	FOODEEG_Images\0787.jpg	NY	Right	Yes	0.873335099997348	0	728904	253
1424.501953125	0	decision	response	4	202	22	foodImage.78	FOODEEG_Images\0787.jpg	NY	Right	Yes	0.873335099997348	0	729346	235
1425.544921875	1	taste	trialStart	4	203	23	foodImage.24	FOODEEG_Images\0250.jpg	YN	Right	No	1.10075199999847	0	729880	251
1426.587890625	2	taste	foodImageDisplay	4	203	23	foodImage.24	FOODEEG_Images\0250.jpg	YN	Right	No	1.10075199999847	0	730414	252
1428.650390625	1.10075199999847	taste	choicePhaseStart	4	203	23	foodImage.24	FOODEEG_Images\0250.jpg	YN	Right	No	1.10075199999847	0	731470	253
1429.7421875	0	taste	response	4	203	23	foodImage.24	FOODEEG_Images\0250.jpg	YN	Right	No	1.10075199999847	0	732029	235
1430.78515625	1	health	trialStart	4	204	24	foodImage.14	FOODEEG_Images\0188.jpg	YN	Right	No	0.688695700002427	0	732563	251
1431.83984375	2	health	foodImageDisplay	4	204	24	foodImage.14	FOODEEG_Images\0188.jpg	YN	Right	No	0.688695700002427	0	733103	252
1433.90234375	0.688695700002427	health	choicePhaseStart	4	204	24	foodImage.14	FOODEEG_Images\0188.jpg	YN	Right	No	0.688695700002427	0	734159	253
1434.58203125	0	health	response	4	204	24	foodImage.14	FOODEEG_Images\0188.jpg	YN	Right	No	0.688695700002427	0	734507	235
1435.625	1	taste	trialStart	4	205	25	foodImage.113	FOODEEG_Images\0921.jpg	YN	Right	No	0.799841399999423	0	735041	251
1436.662109375	2	taste	foodImageDisplay	4	205	25	foodImage.113	FOODEEG_Images\0921.jpg	YN	Right	No	0.799841399999423	0	735572	252
1438.728515625	0.799841399999423	taste	choicePhaseStart	4	205	25	foodImage.113	FOODEEG_Images\0921.jpg	YN	Right	No	0.799841399999423	0	736630	253
1439.517578125	0	taste	response	4	205	25	foodImage.113	FOODEEG_Images\0921.jpg	YN	Right	No	0.799841399999423	0	737034	235
1440.560546875	1	taste	trialStart	4	206	26	foodImage.14	FOODEEG_Images\0188.jpg	NY	Left	No	0.970383500000025	0	737568	251
1441.62109375	2	taste	foodImageDisplay	4	206	26	foodImage.14	FOODEEG_Images\0188.jpg	NY	Left	No	0.970383500000025	0	738111	252
1443.685546875	0.970383500000025	taste	choicePhaseStart	4	206	26	foodImage.14	FOODEEG_Images\0188.jpg	NY	Left	No	0.970383500000025	0	739168	253
1444.64453125	0	taste	response	4	206	26	foodImage.14	FOODEEG_Images\0188.jpg	NY	Left	No	0.970383500000025	0	739659	234
1445.689453125	1	health	trialStart	4	207	27	foodImage.42	FOODEEG_Images\0438.jpg	YN	Right	No	1.32632469999953	0	740194	251
1446.775390625	2	health	foodImageDisplay	4	207	27	foodImage.42	FOODEEG_Images\0438.jpg	YN	Right	No	1.32632469999953	0	740750	252
1448.83984375	1.32632469999953	health	choicePhaseStart	4	207	27	foodImage.42	FOODEEG_Images\0438.jpg	YN	Right	No	1.32632469999953	0	741807	253
1450.15625	0	health	response	4	207	27	foodImage.42	FOODEEG_Images\0438.jpg	YN	Right	No	1.32632469999953	0	742481	235
1451.201171875	1	health	trialStart	4	208	28	foodImage.12	FOODEEG_Images\0181.jpg	NY	Right	Yes	1.03516730000047	0	743016	251
1452.244140625	2	health	foodImageDisplay	4	208	28	foodImage.12	FOODEEG_Images\0181.jpg	NY	Right	Yes	1.03516730000047	0	743550	252
1454.306640625	1.03516730000047	health	choicePhaseStart	4	208	28	foodImage.12	FOODEEG_Images\0181.jpg	NY	Right	Yes	1.03516730000047	0	744606	253
1455.333984375	0	health	response	4	208	28	foodImage.12	FOODEEG_Images\0181.jpg	NY	Right	Yes	1.03516730000047	0	745132	235
1456.375	1	decision	trialStart	4	209	29	foodImage.50	FOODEEG_Images\0529.jpg	NY	Left	No	1.46008140000049	0	745665	251
1457.43359375	2	decision	foodImageDisplay	4	209	29	foodImage.50	FOODEEG_Images\0529.jpg	NY	Left	No	1.46008140000049	0	746207	252
1459.498046875	1.46008140000049	decision	choicePhaseStart	4	209	29	foodImage.50	FOODEEG_Images\0529.jpg	NY	Left	No	1.46008140000049	0	747264	253
1460.94921875	0	decision	response	4	209	29	foodImage.50	FOODEEG_Images\0529.jpg	NY	Left	No	1.46008140000049	0	748007	234
1461.9921875	1	health	trialStart	4	210	30	foodImage.101	FOODEEG_Images\0909.jpg	YN	Right	No	1.025112299998	0	748541	251
1463.03125	2	health	foodImageDisplay	4	210	30	foodImage.101	FOODEEG_Images\0909.jpg	YN	Right	No	1.025112299998	0	749073	252
1465.1015625	1.025112299998	health	choicePhaseStart	4	210	30	foodImage.101	FOODEEG_Images\0909.jpg	YN	Right	No	1.025112299998	0	750133	253
1466.1171875	0	health	response	4	210	30	foodImage.101	FOODEEG_Images\0909.jpg	YN	Right	No	1.025112299998	0	750653	235
1467.166015625	1	taste	trialStart	4	211	31	foodImage.41	FOODEEG_Images\0409.jpg	NY	Left	No	1.32823350000035	0	751190	251
1468.212890625	2	taste	foodImageDisplay	4	211	31	foodImage.41	FOODEEG_Images\0409.jpg	NY	Left	No	1.32823350000035	0	751726	252
1470.27734375	1.32823350000035	taste	choicePhaseStart	4	211	31	foodImage.41	FOODEEG_Images\0409.jpg	NY	Left	No	1.32823350000035	0	752783	253
1471.595703125	0	taste	response	4	211	31	foodImage.41	FOODEEG_Images\0409.jpg	NY	Left	No	1.32823350000035	0	753458	234
1472.638671875	1	health	trialStart	4	212	32	foodImage.111	FOODEEG_Images\0919.jpg	YN	Right	No	0.616348600000492	0	753992	251
1473.677734375	2	health	foodImageDisplay	4	212	32	foodImage.111	FOODEEG_Images\0919.jpg	YN	Right	No	0.616348600000492	0	754524	252
1475.740234375	0.616348600000492	health	choicePhaseStart	4	212	32	foodImage.111	FOODEEG_Images\0919.jpg	YN	Right	No	0.616348600000492	0	755580	253
1476.34765625	0	health	response	4	212	32	foodImage.111	FOODEEG_Images\0919.jpg	YN	Right	No	0.616348600000492	0	755891	235
1477.392578125	1	health	trialStart	4	213	33	foodImage.83	FOODEEG_Images\0827.jpg	NY	Right	Yes	0.756438500000513	0	756426	251
1478.451171875	2	health	foodImageDisplay	4	213	33	foodImage.83	FOODEEG_Images\0827.jpg	NY	Right	Yes	0.756438500000513	0	756968	252
1480.513671875	0.756438500000513	health	choicePhaseStart	4	213	33	foodImage.83	FOODEEG_Images\0827.jpg	NY	Right	Yes	0.756438500000513	0	758024	253
1481.259765625	0	health	response	4	213	33	foodImage.83	FOODEEG_Images\0827.jpg	NY	Right	Yes	0.756438500000513	0	758406	235
1482.310546875	1	taste	trialStart	4	214	34	foodImage.25	FOODEEG_Images\0261.jpg	YN	Left	Yes	1.1558288999986	0	758944	251
1483.353515625	2	taste	foodImageDisplay	4	214	34	foodImage.25	FOODEEG_Images\0261.jpg	YN	Left	Yes	1.1558288999986	0	759478	252
1485.41796875	1.1558288999986	taste	choicePhaseStart	4	214	34	foodImage.25	FOODEEG_Images\0261.jpg	YN	Left	Yes	1.1558288999986	0	760535	253
1486.564453125	0	taste	response	4	214	34	foodImage.25	FOODEEG_Images\0261.jpg	YN	Left	Yes	1.1558288999986	0	761122	234
1487.607421875	1	decision	trialStart	4	215	35	foodImage.120	FOODEEG_Images\0928.jpg	YN	Right	No	1.07336869999926	0	761656	251
1488.64453125	2	decision	foodImageDisplay	4	215	35	foodImage.120	FOODEEG_Images\0928.jpg	YN	Right	No	1.07336869999926	0	762187	252
1490.70703125	1.07336869999926	decision	choicePhaseStart	4	215	35	foodImage.120	FOODEEG_Images\0928.jpg	YN	Right	No	1.07336869999926	0	763243	253
1491.771484375	0	decision	response	4	215	35	foodImage.120	FOODEEG_Images\0928.jpg	YN	Right	No	1.07336869999926	0	763788	235
1492.814453125	1	taste	trialStart	4	216	36	foodImage.81	FOODEEG_Images\0797.jpg	YN	Left	Yes	1.57029920000059	0	764322	251
1493.875	2	taste	foodImageDisplay	4	216	36	foodImage.81	FOODEEG_Images\0797.jpg	YN	Left	Yes	1.57029920000059	0	764865	252
1495.9375	1.57029920000059	taste	choicePhaseStart	4	216	36	foodImage.81	FOODEEG_Images\0797.jpg	YN	Left	Yes	1.57029920000059	0	765921	253
1497.5	0	taste	response	4	216	36	foodImage.81	FOODEEG_Images\0797.jpg	YN	Left	Yes	1.57029920000059	0	766721	234
1498.54296875	1	decision	trialStart	4	217	37	foodImage.107	FOODEEG_Images\0915.jpg	NY	Right	Yes	1.96512789999906	0	767255	251
1499.58203125	2	decision	foodImageDisplay	4	217	37	foodImage.107	FOODEEG_Images\0915.jpg	NY	Right	Yes	1.96512789999906	0	767787	252
1501.64453125	1.96512789999906	decision	choicePhaseStart	4	217	37	foodImage.107	FOODEEG_Images\0915.jpg	NY	Right	Yes	1.96512789999906	0	768843	253
1503.603515625	0	decision	response	4	217	37	foodImage.107	FOODEEG_Images\0915.jpg	NY	Right	Yes	1.96512789999906	0	769846	235
1504.646484375	1	taste	trialStart	4	218	38	foodImage.30	FOODEEG_Images\0282.jpg	NY	Right	Yes	0.698826799998642	0	770380	251
1505.689453125	2	taste	foodImageDisplay	4	218	38	foodImage.30	FOODEEG_Images\0282.jpg	NY	Right	Yes	0.698826799998642	0	770914	252
1507.75390625	0.698826799998642	taste	choicePhaseStart	4	218	38	foodImage.30	FOODEEG_Images\0282.jpg	NY	Right	Yes	0.698826799998642	0	771971	253
1508.443359375	0	taste	response	4	218	38	foodImage.30	FOODEEG_Images\0282.jpg	NY	Right	Yes	0.698826799998642	0	772324	235
1509.4921875	1	decision	trialStart	4	219	39	foodImage.88	FOODEEG_Images\0878.jpg	YN	Right	No	1.01275309999983	0	772861	251
1510.548828125	2	decision	foodImageDisplay	4	219	39	foodImage.88	FOODEEG_Images\0878.jpg	YN	Right	No	1.01275309999983	0	773402	252
1512.615234375	1.01275309999983	decision	choicePhaseStart	4	219	39	foodImage.88	FOODEEG_Images\0878.jpg	YN	Right	No	1.01275309999983	0	774460	253
1513.619140625	0	decision	response	4	219	39	foodImage.88	FOODEEG_Images\0878.jpg	YN	Right	No	1.01275309999983	0	774974	235
1514.662109375	1	decision	trialStart	4	220	40	foodImage.104	FOODEEG_Images\0912.jpg	NY	Right	Yes	0.896052900003269	0	775508	251
1515.701171875	2	decision	foodImageDisplay	4	220	40	foodImage.104	FOODEEG_Images\0912.jpg	NY	Right	Yes	0.896052900003269	0	776040	252
1517.763671875	0.896052900003269	decision	choicePhaseStart	4	220	40	foodImage.104	FOODEEG_Images\0912.jpg	NY	Right	Yes	0.896052900003269	0	777096	253
1518.650390625	0	decision	response	4	220	40	foodImage.104	FOODEEG_Images\0912.jpg	NY	Right	Yes	0.896052900003269	0	777550	235
1519.693359375	1	taste	trialStart	4	221	41	foodImage.23	FOODEEG_Images\0244.jpg	YN	Left	Yes	1.00623339999947	0	778084	251
1520.734375	2	taste	foodImageDisplay	4	221	41	foodImage.23	FOODEEG_Images\0244.jpg	YN	Left	Yes	1.00623339999947	0	778617	252
1522.796875	1.00623339999947	taste	choicePhaseStart	4	221	41	foodImage.23	FOODEEG_Images\0244.jpg	YN	Left	Yes	1.00623339999947	0	779673	253
1523.794921875	0	taste	response	4	221	41	foodImage.23	FOODEEG_Images\0244.jpg	YN	Left	Yes	1.00623339999947	0	780184	234
1524.837890625	1	health	trialStart	4	222	42	foodImage.68	FOODEEG_Images\0685.jpg	NY	Left	No	0.994483800001035	0	780718	251
1525.9375	2	health	foodImageDisplay	4	222	42	foodImage.68	FOODEEG_Images\0685.jpg	NY	Left	No	0.994483800001035	0	781281	252
1528	0.994483800001035	health	choicePhaseStart	4	222	42	foodImage.68	FOODEEG_Images\0685.jpg	NY	Left	No	0.994483800001035	0	782337	253
1528.986328125	0	health	response	4	222	42	foodImage.68	FOODEEG_Images\0685.jpg	NY	Left	No	0.994483800001035	0	782842	234
1530.029296875	1	decision	trialStart	4	223	43	foodImage.95	FOODEEG_Images\0903.jpg	YN	Right	No	1.02276100000017	0	783376	251
1531.068359375	2	decision	foodImageDisplay	4	223	43	foodImage.95	FOODEEG_Images\0903.jpg	YN	Right	No	1.02276100000017	0	783908	252
1533.1328125	1.02276100000017	decision	choicePhaseStart	4	223	43	foodImage.95	FOODEEG_Images\0903.jpg	YN	Right	No	1.02276100000017	0	784965	253
1534.146484375	0	decision	response	4	223	43	foodImage.95	FOODEEG_Images\0903.jpg	YN	Right	No	1.02276100000017	0	785484	235
1535.189453125	1	health	trialStart	4	224	44	foodImage.23	FOODEEG_Images\0244.jpg	NY	Right	Yes	2.52625270000135	0	786018	251
1536.23046875	2	health	foodImageDisplay	4	224	44	foodImage.23	FOODEEG_Images\0244.jpg	NY	Right	Yes	2.52625270000135	0	786551	252
1538.29296875	2.52625270000135	health	choicePhaseStart	4	224	44	foodImage.23	FOODEEG_Images\0244.jpg	NY	Right	Yes	2.52625270000135	0	787607	253
1540.810546875	0	health	response	4	224	44	foodImage.23	FOODEEG_Images\0244.jpg	NY	Right	Yes	2.52625270000135	0	788896	235
1541.853515625	1	decision	trialStart	4	225	45	foodImage.69	FOODEEG_Images\0693.jpg	YN	Left	Yes	1.25060529999973	0	789430	251
1542.896484375	2	decision	foodImageDisplay	4	225	45	foodImage.69	FOODEEG_Images\0693.jpg	YN	Left	Yes	1.25060529999973	0	789964	252
1544.9609375	1.25060529999973	decision	choicePhaseStart	4	225	45	foodImage.69	FOODEEG_Images\0693.jpg	YN	Left	Yes	1.25060529999973	0	791021	253
1546.201171875	0	decision	response	4	225	45	foodImage.69	FOODEEG_Images\0693.jpg	YN	Left	Yes	1.25060529999973	0	791656	234
1547.24609375	1	health	trialStart	4	226	46	foodImage.82	FOODEEG_Images\0805.jpg	YN	Left	Yes	1.27773259999958	0	792191	251
1548.30078125	2	health	foodImageDisplay	4	226	46	foodImage.82	FOODEEG_Images\0805.jpg	YN	Left	Yes	1.27773259999958	0	792731	252
1550.365234375	1.27773259999958	health	choicePhaseStart	4	226	46	foodImage.82	FOODEEG_Images\0805.jpg	YN	Left	Yes	1.27773259999958	0	793788	253
1551.6328125	0	health	response	4	226	46	foodImage.82	FOODEEG_Images\0805.jpg	YN	Left	Yes	1.27773259999958	0	794437	234
1552.67578125	1	taste	trialStart	4	227	47	foodImage.33	FOODEEG_Images\0329.jpg	NY	Left	No	7.96572589999778	1	794971	251
1553.71875	2	taste	foodImageDisplay	4	227	47	foodImage.33	FOODEEG_Images\0329.jpg	NY	Left	No	7.96572589999778	1	795505	252
1555.78125	7.96572589999778	taste	choicePhaseStart	4	227	47	foodImage.33	FOODEEG_Images\0329.jpg	NY	Left	No	7.96572589999778	1	796561	253
1563.73828125	0	taste	response	4	227	47	foodImage.33	FOODEEG_Images\0329.jpg	NY	Left	No	7.96572589999778	1	800635	234
1564.783203125	1	health	trialStart	4	228	48	foodImage.36	FOODEEG_Images\0352.jpg	YN	Left	Yes	1.00935729999765	0	801170	251
1565.83984375	2	health	foodImageDisplay	4	228	48	foodImage.36	FOODEEG_Images\0352.jpg	YN	Left	Yes	1.00935729999765	0	801711	252
1567.904296875	1.00935729999765	health	choicePhaseStart	4	228	48	foodImage.36	FOODEEG_Images\0352.jpg	YN	Left	Yes	1.00935729999765	0	802768	253
1568.904296875	0	health	response	4	228	48	foodImage.36	FOODEEG_Images\0352.jpg	YN	Left	Yes	1.00935729999765	0	803280	234
1569.9453125	1	health	trialStart	4	229	49	foodImage.13	FOODEEG_Images\0183.jpg	YN	Left	Yes	3.34215559999939	0	803813	251
1570.98828125	2	health	foodImageDisplay	4	229	49	foodImage.13	FOODEEG_Images\0183.jpg	YN	Left	Yes	3.34215559999939	0	804347	252
1573.05078125	3.34215559999939	health	choicePhaseStart	4	229	49	foodImage.13	FOODEEG_Images\0183.jpg	YN	Left	Yes	3.34215559999939	0	805403	253
1576.384765625	0	health	response	4	229	49	foodImage.13	FOODEEG_Images\0183.jpg	YN	Left	Yes	3.34215559999939	0	807110	234
1577.427734375	1	decision	trialStart	4	230	50	foodImage.63	FOODEEG_Images\0645.jpg	NY	Right	Yes	0.730670200002351	0	807644	251
1578.470703125	2	decision	foodImageDisplay	4	230	50	foodImage.63	FOODEEG_Images\0645.jpg	NY	Right	Yes	0.730670200002351	0	808178	252
1580.53515625	0.730670200002351	decision	choicePhaseStart	4	230	50	foodImage.63	FOODEEG_Images\0645.jpg	NY	Right	Yes	0.730670200002351	0	809235	253
1581.255859375	0	decision	response	4	230	50	foodImage.63	FOODEEG_Images\0645.jpg	NY	Right	Yes	0.730670200002351	0	809604	235
1582.298828125	1	health	trialStart	4	231	51	foodImage.11	FOODEEG_Images\0180.jpg	NY	Left	No	2.93026909999753	0	810138	251
1583.341796875	2	health	foodImageDisplay	4	231	51	foodImage.11	FOODEEG_Images\0180.jpg	NY	Left	No	2.93026909999753	0	810672	252
1585.40625	2.93026909999753	health	choicePhaseStart	4	231	51	foodImage.11	FOODEEG_Images\0180.jpg	NY	Left	No	2.93026909999753	0	811729	253
1588.328125	0	health	response	4	231	51	foodImage.11	FOODEEG_Images\0180.jpg	NY	Left	No	2.93026909999753	0	813225	234
1589.37109375	1	taste	trialStart	4	232	52	foodImage.109	FOODEEG_Images\0917.jpg	NY	Right	Yes	0.832493699999759	0	813759	251
1590.408203125	2	taste	foodImageDisplay	4	232	52	foodImage.109	FOODEEG_Images\0917.jpg	NY	Right	Yes	0.832493699999759	0	814290	252
1592.47265625	0.832493699999759	taste	choicePhaseStart	4	232	52	foodImage.109	FOODEEG_Images\0917.jpg	NY	Right	Yes	0.832493699999759	0	815347	253
1593.294921875	0	taste	response	4	232	52	foodImage.109	FOODEEG_Images\0917.jpg	NY	Right	Yes	0.832493699999759	0	815768	235
1594.33984375	1	health	trialStart	4	233	53	foodImage.48	FOODEEG_Images\0494.jpg	NY	Left	No	1.88482999999906	0	816303	251
1595.380859375	2	health	foodImageDisplay	4	233	53	foodImage.48	FOODEEG_Images\0494.jpg	NY	Left	No	1.88482999999906	0	816836	252
1597.44921875	1.88482999999906	health	choicePhaseStart	4	233	53	foodImage.48	FOODEEG_Images\0494.jpg	NY	Left	No	1.88482999999906	0	817895	253
1599.326171875	0	health	response	4	233	53	foodImage.48	FOODEEG_Images\0494.jpg	NY	Left	No	1.88482999999906	0	818856	234
1600.369140625	1	taste	trialStart	4	234	54	foodImage.4	FOODEEG_Images\0065.jpg	NY	Right	Yes	0.931902399999672	0	819390	251
1601.4296875	2	taste	foodImageDisplay	4	234	54	foodImage.4	FOODEEG_Images\0065.jpg	NY	Right	Yes	0.931902399999672	0	819933	252
1603.4921875	0.931902399999672	taste	choicePhaseStart	4	234	54	foodImage.4	FOODEEG_Images\0065.jpg	NY	Right	Yes	0.931902399999672	0	820989	253
1604.416015625	0	taste	response	4	234	54	foodImage.4	FOODEEG_Images\0065.jpg	NY	Right	Yes	0.931902399999672	0	821462	235
1605.458984375	1	taste	trialStart	4	235	55	foodImage.88	FOODEEG_Images\0878.jpg	YN	Left	Yes	1.36363199999687	0	821996	251
1606.515625	2	taste	foodImageDisplay	4	235	55	foodImage.88	FOODEEG_Images\0878.jpg	YN	Left	Yes	1.36363199999687	0	822537	252
1608.580078125	1.36363199999687	taste	choicePhaseStart	4	235	55	foodImage.88	FOODEEG_Images\0878.jpg	YN	Left	Yes	1.36363199999687	0	823594	253
1609.935546875	0	taste	response	4	235	55	foodImage.88	FOODEEG_Images\0878.jpg	YN	Left	Yes	1.36363199999687	0	824288	234
1610.986328125	1	decision	trialStart	4	236	56	foodImage.117	FOODEEG_Images\0925.jpg	NY	Right	Yes	0.854872600000817	0	824826	251
1612.025390625	2	decision	foodImageDisplay	4	236	56	foodImage.117	FOODEEG_Images\0925.jpg	NY	Right	Yes	0.854872600000817	0	825358	252
1614.08984375	0.854872600000817	decision	choicePhaseStart	4	236	56	foodImage.117	FOODEEG_Images\0925.jpg	NY	Right	Yes	0.854872600000817	0	826415	253
1614.935546875	0	decision	response	4	236	56	foodImage.117	FOODEEG_Images\0925.jpg	NY	Right	Yes	0.854872600000817	0	826848	235
1615.986328125	1	taste	trialStart	4	237	57	foodImage.120	FOODEEG_Images\0928.jpg	NY	Left	No	0.856107299998257	0	827386	251
1617.025390625	2	taste	foodImageDisplay	4	237	57	foodImage.120	FOODEEG_Images\0928.jpg	NY	Left	No	0.856107299998257	0	827918	252
1619.087890625	0.856107299998257	taste	choicePhaseStart	4	237	57	foodImage.120	FOODEEG_Images\0928.jpg	NY	Left	No	0.856107299998257	0	828974	253
1619.93359375	0	taste	response	4	237	57	foodImage.120	FOODEEG_Images\0928.jpg	NY	Left	No	0.856107299998257	0	829407	234
1620.978515625	1	taste	trialStart	4	238	58	foodImage.49	FOODEEG_Images\0515.jpg	NY	Right	Yes	2.46233810000194	0	829942	251
1622.01953125	2	taste	foodImageDisplay	4	238	58	foodImage.49	FOODEEG_Images\0515.jpg	NY	Right	Yes	2.46233810000194	0	830475	252
1624.087890625	2.46233810000194	taste	choicePhaseStart	4	238	58	foodImage.49	FOODEEG_Images\0515.jpg	NY	Right	Yes	2.46233810000194	0	831534	253
1626.54296875	0	taste	response	4	238	58	foodImage.49	FOODEEG_Images\0515.jpg	NY	Right	Yes	2.46233810000194	0	832791	235
1627.5859375	1	decision	trialStart	4	239	59	foodImage.85	FOODEEG_Images\0841.jpg	NY	Right	Yes	1.31419599999936	0	833325	251
1628.64453125	2	decision	foodImageDisplay	4	239	59	foodImage.85	FOODEEG_Images\0841.jpg	NY	Right	Yes	1.31419599999936	0	833867	252
1630.708984375	1.31419599999936	decision	choicePhaseStart	4	239	59	foodImage.85	FOODEEG_Images\0841.jpg	NY	Right	Yes	1.31419599999936	0	834924	253
1632.013671875	0	decision	response	4	239	59	foodImage.85	FOODEEG_Images\0841.jpg	NY	Right	Yes	1.31419599999936	0	835592	235
1633.0625	1	taste	trialStart	4	240	60	foodImage.56	FOODEEG_Images\0586.jpg	YN	Right	No	1.4786294000005	0	836129	251
1634.107421875	2	taste	foodImageDisplay	4	240	60	foodImage.56	FOODEEG_Images\0586.jpg	YN	Right	No	1.4786294000005	0	836664	252
1636.17578125	1.4786294000005	taste	choicePhaseStart	4	240	60	foodImage.56	FOODEEG_Images\0586.jpg	YN	Right	No	1.4786294000005	0	837723	253
1637.646484375	0	taste	response	4	240	60	foodImage.56	FOODEEG_Images\0586.jpg	YN	Right	No	1.4786294000005	0	838476	235
1639.689453125	137.0078125	n/a	blockEnd	n/a	n/a	n/a	n/a	n/a	n/a	n/a	n/a	n/a	n/a	839522	254
1776.697265625	2	n/a	blockStart	5	n/a	n/a	n/a	n/a	n/a	n/a	n/a	n/a	n/a	909670	250
1778.732421875	1	decision	trialStart	5	241	1	foodImage.58	FOODEEG_Images\0605.jpg	NY	Left	No	0.89086700000189	0	910712	251
1779.791015625	2	decision	foodImageDisplay	5	241	1	foodImage.58	FOODEEG_Images\0605.jpg	NY	Left	No	0.89086700000189	0	911254	252
1781.85546875	0.89086700000189	decision	choicePhaseStart	5	241	1	foodImage.58	FOODEEG_Images\0605.jpg	NY	Left	No	0.89086700000189	0	912311	253
1782.736328125	0	decision	response	5	241	1	foodImage.58	FOODEEG_Images\0605.jpg	NY	Left	No	0.89086700000189	0	912762	234
1783.779296875	1	health	trialStart	5	242	2	foodImage.107	FOODEEG_Images\0915.jpg	NY	Left	No	0.82104800000161	0	913296	251
1784.818359375	2	health	foodImageDisplay	5	242	2	foodImage.107	FOODEEG_Images\0915.jpg	NY	Left	No	0.82104800000161	0	913828	252
1786.884765625	0.82104800000161	health	choicePhaseStart	5	242	2	foodImage.107	FOODEEG_Images\0915.jpg	NY	Left	No	0.82104800000161	0	914886	253
1787.6953125	0	health	response	5	242	2	foodImage.107	FOODEEG_Images\0915.jpg	NY	Left	No	0.82104800000161	0	915301	234
1788.740234375	1	decision	trialStart	5	243	3	foodImage.100	FOODEEG_Images\0908.jpg	NY	Left	No	0.839616300003399	0	915836	251
1789.77734375	2	decision	foodImageDisplay	5	243	3	foodImage.100	FOODEEG_Images\0908.jpg	NY	Left	No	0.839616300003399	0	916367	252
1791.845703125	0.839616300003399	decision	choicePhaseStart	5	243	3	foodImage.100	FOODEEG_Images\0908.jpg	NY	Left	No	0.839616300003399	0	917426	253
1792.6796875	0	decision	response	5	243	3	foodImage.100	FOODEEG_Images\0908.jpg	NY	Left	No	0.839616300003399	0	917853	234
1793.72265625	1	health	trialStart	5	244	4	foodImage.43	FOODEEG_Images\0445.jpg	YN	Left	Yes	1.00737870000012	0	918387	251
1794.779296875	2	health	foodImageDisplay	5	244	4	foodImage.43	FOODEEG_Images\0445.jpg	YN	Left	Yes	1.00737870000012	0	918928	252
1796.841796875	1.00737870000012	health	choicePhaseStart	5	244	4	foodImage.43	FOODEEG_Images\0445.jpg	YN	Left	Yes	1.00737870000012	0	919984	253
1797.83984375	0	health	response	5	244	4	foodImage.43	FOODEEG_Images\0445.jpg	YN	Left	Yes	1.00737870000012	0	920495	234
1798.8828125	1	decision	trialStart	5	245	5	foodImage.56	FOODEEG_Images\0586.jpg	NY	Left	No	0.836817900002643	0	921029	251
1799.92578125	2	decision	foodImageDisplay	5	245	5	foodImage.56	FOODEEG_Images\0586.jpg	NY	Left	No	0.836817900002643	0	921563	252
1801.98828125	0.836817900002643	decision	choicePhaseStart	5	245	5	foodImage.56	FOODEEG_Images\0586.jpg	NY	Left	No	0.836817900002643	0	922619	253
1802.814453125	0	decision	response	5	245	5	foodImage.56	FOODEEG_Images\0586.jpg	NY	Left	No	0.836817900002643	0	923042	234
1803.859375	1	health	trialStart	5	246	6	foodImage.63	FOODEEG_Images\0645.jpg	YN	Right	No	1.08957200000077	0	923577	251
1804.90234375	2	health	foodImageDisplay	5	246	6	foodImage.63	FOODEEG_Images\0645.jpg	YN	Right	No	1.08957200000077	0	924111	252
1806.966796875	1.08957200000077	health	choicePhaseStart	5	246	6	foodImage.63	FOODEEG_Images\0645.jpg	YN	Right	No	1.08957200000077	0	925168	253
1808.046875	0	health	response	5	246	6	foodImage.63	FOODEEG_Images\0645.jpg	YN	Right	No	1.08957200000077	0	925721	235
1809.099609375	1	taste	trialStart	5	247	7	foodImage.18	FOODEEG_Images\0202.jpg	NY	Right	Yes	1.01479599999948	0	926260	251
1810.158203125	2	taste	foodImageDisplay	5	247	7	foodImage.18	FOODEEG_Images\0202.jpg	NY	Right	Yes	1.01479599999948	0	926802	252
1812.2265625	1.01479599999948	taste	choicePhaseStart	5	247	7	foodImage.18	FOODEEG_Images\0202.jpg	NY	Right	Yes	1.01479599999948	0	927861	253
1813.23046875	0	taste	response	5	247	7	foodImage.18	FOODEEG_Images\0202.jpg	NY	Right	Yes	1.01479599999948	0	928375	235
1814.283203125	1	decision	trialStart	5	248	8	foodImage.79	FOODEEG_Images\0794.jpg	NY	Right	Yes	1.17643759999919	0	928914	251
1815.328125	2	decision	foodImageDisplay	5	248	8	foodImage.79	FOODEEG_Images\0794.jpg	NY	Right	Yes	1.17643759999919	0	929449	252
1817.390625	1.17643759999919	decision	choicePhaseStart	5	248	8	foodImage.79	FOODEEG_Images\0794.jpg	NY	Right	Yes	1.17643759999919	0	930505	253
1818.55859375	0	decision	response	5	248	8	foodImage.79	FOODEEG_Images\0794.jpg	NY	Right	Yes	1.17643759999919	0	931103	235
1819.6015625	1	health	trialStart	5	249	9	foodImage.49	FOODEEG_Images\0515.jpg	YN	Right	No	1.51588859999902	0	931637	251
1820.642578125	2	health	foodImageDisplay	5	249	9	foodImage.49	FOODEEG_Images\0515.jpg	YN	Right	No	1.51588859999902	0	932170	252
1822.70703125	1.51588859999902	health	choicePhaseStart	5	249	9	foodImage.49	FOODEEG_Images\0515.jpg	YN	Right	No	1.51588859999902	0	933227	253
1824.21484375	0	health	response	5	249	9	foodImage.49	FOODEEG_Images\0515.jpg	YN	Right	No	1.51588859999902	0	933999	235
1825.2578125	1	health	trialStart	5	250	10	foodImage.117	FOODEEG_Images\0925.jpg	NY	Right	Yes	0.877804800002195	0	934533	251
1826.296875	2	health	foodImageDisplay	5	250	10	foodImage.117	FOODEEG_Images\0925.jpg	NY	Right	Yes	0.877804800002195	0	935065	252
1828.361328125	0.877804800002195	health	choicePhaseStart	5	250	10	foodImage.117	FOODEEG_Images\0925.jpg	NY	Right	Yes	0.877804800002195	0	936122	253
1829.23046875	0	health	response	5	250	10	foodImage.117	FOODEEG_Images\0925.jpg	NY	Right	Yes	0.877804800002195	0	936567	235
1830.28125	1	health	trialStart	5	251	11	foodImage.7	FOODEEG_Images\0116.jpg	NY	Left	No	1.69281330000013	0	937105	251
1831.322265625	2	health	foodImageDisplay	5	251	11	foodImage.7	FOODEEG_Images\0116.jpg	NY	Left	No	1.69281330000013	0	937638	252
1833.38671875	1.69281330000013	health	choicePhaseStart	5	251	11	foodImage.7	FOODEEG_Images\0116.jpg	NY	Left	No	1.69281330000013	0	938695	253
1835.0703125	0	health	response	5	251	11	foodImage.7	FOODEEG_Images\0116.jpg	NY	Left	No	1.69281330000013	0	939557	234
1836.115234375	1	taste	trialStart	5	252	12	foodImage.112	FOODEEG_Images\0920.jpg	NY	Left	No	1.26869379999698	0	940092	251
1837.154296875	2	taste	foodImageDisplay	5	252	12	foodImage.112	FOODEEG_Images\0920.jpg	NY	Left	No	1.26869379999698	0	940624	252
1839.21875	1.26869379999698	taste	choicePhaseStart	5	252	12	foodImage.112	FOODEEG_Images\0920.jpg	NY	Left	No	1.26869379999698	0	941681	253
1840.478515625	0	taste	response	5	252	12	foodImage.112	FOODEEG_Images\0920.jpg	NY	Left	No	1.26869379999698	0	942326	234
1841.521484375	1	taste	trialStart	5	253	13	foodImage.58	FOODEEG_Images\0605.jpg	NY	Left	No	1.42011540000021	0	942860	251
1842.580078125	2	taste	foodImageDisplay	5	253	13	foodImage.58	FOODEEG_Images\0605.jpg	NY	Left	No	1.42011540000021	0	943402	252
1844.64453125	1.42011540000021	taste	choicePhaseStart	5	253	13	foodImage.58	FOODEEG_Images\0605.jpg	NY	Left	No	1.42011540000021	0	944459	253
1846.0546875	0	taste	response	5	253	13	foodImage.58	FOODEEG_Images\0605.jpg	NY	Left	No	1.42011540000021	0	945181	234
1847.09765625	1	taste	trialStart	5	254	14	foodImage.84	FOODEEG_Images\0830.jpg	YN	Left	Yes	1.79523759999938	0	945715	251
1848.154296875	2	taste	foodImageDisplay	5	254	14	foodImage.84	FOODEEG_Images\0830.jpg	YN	Left	Yes	1.79523759999938	0	946256	252
1850.21875	1.79523759999938	taste	choicePhaseStart	5	254	14	foodImage.84	FOODEEG_Images\0830.jpg	YN	Left	Yes	1.79523759999938	0	947313	253
1852.005859375	0	taste	response	5	254	14	foodImage.84	FOODEEG_Images\0830.jpg	YN	Left	Yes	1.79523759999938	0	948228	234
1853.048828125	1	health	trialStart	5	255	15	foodImage.34	FOODEEG_Images\0339.jpg	NY	Left	No	1.22337049999987	0	948762	251
1854.111328125	2	health	foodImageDisplay	5	255	15	foodImage.34	FOODEEG_Images\0339.jpg	NY	Left	No	1.22337049999987	0	949306	252
1856.17578125	1.22337049999987	health	choicePhaseStart	5	255	15	foodImage.34	FOODEEG_Images\0339.jpg	NY	Left	No	1.22337049999987	0	950363	253
1857.388671875	0	health	response	5	255	15	foodImage.34	FOODEEG_Images\0339.jpg	NY	Left	No	1.22337049999987	0	950984	234
1858.4296875	1	decision	trialStart	5	256	16	foodImage.76	FOODEEG_Images\0766.jpg	NY	Right	Yes	2.17242690000057	0	951517	251
1859.4765625	2	decision	foodImageDisplay	5	256	16	foodImage.76	FOODEEG_Images\0766.jpg	NY	Right	Yes	2.17242690000057	0	952053	252
1861.544921875	2.17242690000057	decision	choicePhaseStart	5	256	16	foodImage.76	FOODEEG_Images\0766.jpg	NY	Right	Yes	2.17242690000057	0	953112	253
1863.708984375	0	decision	response	5	256	16	foodImage.76	FOODEEG_Images\0766.jpg	NY	Right	Yes	2.17242690000057	0	954220	235
1864.751953125	1	health	trialStart	5	257	17	foodImage.28	FOODEEG_Images\0273.jpg	NY	Right	Yes	1.5560321999983	0	954754	251
1865.794921875	2	health	foodImageDisplay	5	257	17	foodImage.28	FOODEEG_Images\0273.jpg	NY	Right	Yes	1.5560321999983	0	955288	252
1867.857421875	1.5560321999983	health	choicePhaseStart	5	257	17	foodImage.28	FOODEEG_Images\0273.jpg	NY	Right	Yes	1.5560321999983	0	956344	253
1869.404296875	0	health	response	5	257	17	foodImage.28	FOODEEG_Images\0273.jpg	NY	Right	Yes	1.5560321999983	0	957136	235
1870.44921875	1	taste	trialStart	5	258	18	foodImage.94	FOODEEG_Images\0902.jpg	NY	Left	No	0.897880599997734	0	957671	251
1871.486328125	2	taste	foodImageDisplay	5	258	18	foodImage.94	FOODEEG_Images\0902.jpg	NY	Left	No	0.897880599997734	0	958202	252
1873.5546875	0.897880599997734	taste	choicePhaseStart	5	258	18	foodImage.94	FOODEEG_Images\0902.jpg	NY	Left	No	0.897880599997734	0	959261	253
1874.443359375	0	taste	response	5	258	18	foodImage.94	FOODEEG_Images\0902.jpg	NY	Left	No	0.897880599997734	0	959716	234
1875.509765625	1	taste	trialStart	5	259	19	foodImage.38	FOODEEG_Images\0365.jpg	NY	Right	Yes	1.01408740000261	0	960262	251
1876.546875	2	taste	foodImageDisplay	5	259	19	foodImage.38	FOODEEG_Images\0365.jpg	NY	Right	Yes	1.01408740000261	0	960793	252
1878.615234375	1.01408740000261	taste	choicePhaseStart	5	259	19	foodImage.38	FOODEEG_Images\0365.jpg	NY	Right	Yes	1.01408740000261	0	961852	253
1879.62109375	0	taste	response	5	259	19	foodImage.38	FOODEEG_Images\0365.jpg	NY	Right	Yes	1.01408740000261	0	962367	235
1880.6640625	1	health	trialStart	5	260	20	foodImage.102	FOODEEG_Images\0910.jpg	NY	Left	No	2.14954950000174	0	962901	251
1881.705078125	2	health	foodImageDisplay	5	260	20	foodImage.102	FOODEEG_Images\0910.jpg	NY	Left	No	2.14954950000174	0	963434	252
1883.767578125	2.14954950000174	health	choicePhaseStart	5	260	20	foodImage.102	FOODEEG_Images\0910.jpg	NY	Left	No	2.14954950000174	0	964490	253
1885.908203125	0	health	response	5	260	20	foodImage.102	FOODEEG_Images\0910.jpg	NY	Left	No	2.14954950000174	0	965586	234
1886.951171875	1	taste	trialStart	5	261	21	foodImage.115	FOODEEG_Images\0923.jpg	NY	Left	No	0.820789099998365	0	966120	251
1887.990234375	2	taste	foodImageDisplay	5	261	21	foodImage.115	FOODEEG_Images\0923.jpg	NY	Left	No	0.820789099998365	0	966652	252
1890.052734375	0.820789099998365	taste	choicePhaseStart	5	261	21	foodImage.115	FOODEEG_Images\0923.jpg	NY	Left	No	0.820789099998365	0	967708	253
1890.8671875	0	taste	response	5	261	21	foodImage.115	FOODEEG_Images\0923.jpg	NY	Left	No	0.820789099998365	0	968125	234
1891.91015625	1	taste	trialStart	5	262	22	foodImage.16	FOODEEG_Images\0196.jpg	YN	Right	No	0.859558600001037	0	968659	251
1892.96875	2	taste	foodImageDisplay	5	262	22	foodImage.16	FOODEEG_Images\0196.jpg	YN	Right	No	0.859558600001037	0	969201	252
1895.03125	0.859558600001037	taste	choicePhaseStart	5	262	22	foodImage.16	FOODEEG_Images\0196.jpg	YN	Right	No	0.859558600001037	0	970257	253
1895.8828125	0	taste	response	5	262	22	foodImage.16	FOODEEG_Images\0196.jpg	YN	Right	No	0.859558600001037	0	970693	235
1896.92578125	1	health	trialStart	5	263	23	foodImage.3	FOODEEG_Images\0046.jpg	NY	Left	No	1.4992811000011	0	971227	251
1897.96875	2	health	foodImageDisplay	5	263	23	foodImage.3	FOODEEG_Images\0046.jpg	NY	Left	No	1.4992811000011	0	971761	252
1900.033203125	1.4992811000011	health	choicePhaseStart	5	263	23	foodImage.3	FOODEEG_Images\0046.jpg	NY	Left	No	1.4992811000011	0	972818	253
1901.5234375	0	health	response	5	263	23	foodImage.3	FOODEEG_Images\0046.jpg	NY	Left	No	1.4992811000011	0	973581	234
1902.572265625	1	health	trialStart	5	264	24	foodImage.55	FOODEEG_Images\0567.jpg	NY	Right	Yes	2.13123560000167	0	974118	251
1903.640625	2	health	foodImageDisplay	5	264	24	foodImage.55	FOODEEG_Images\0567.jpg	NY	Right	Yes	2.13123560000167	0	974665	252
1905.705078125	2.13123560000167	health	choicePhaseStart	5	264	24	foodImage.55	FOODEEG_Images\0567.jpg	NY	Right	Yes	2.13123560000167	0	975722	253
1907.828125	0	health	response	5	264	24	foodImage.55	FOODEEG_Images\0567.jpg	NY	Right	Yes	2.13123560000167	0	976809	235
1908.873046875	1	health	trialStart	5	265	25	foodImage.75	FOODEEG_Images\0763.jpg	NY	Right	Yes	0.710978800001612	0	977344	251
1909.93359375	2	health	foodImageDisplay	5	265	25	foodImage.75	FOODEEG_Images\0763.jpg	NY	Right	Yes	0.710978800001612	0	977887	252
1911.998046875	0.710978800001612	health	choicePhaseStart	5	265	25	foodImage.75	FOODEEG_Images\0763.jpg	NY	Right	Yes	0.710978800001612	0	978944	253
1912.69921875	0	health	response	5	265	25	foodImage.75	FOODEEG_Images\0763.jpg	NY	Right	Yes	0.710978800001612	0	979303	235
1913.74609375	1	taste	trialStart	5	266	26	foodImage.59	FOODEEG_Images\0607.jpg	YN	Right	No	1.58060800000021	0	979839	251
1914.79296875	2	taste	foodImageDisplay	5	266	26	foodImage.59	FOODEEG_Images\0607.jpg	YN	Right	No	1.58060800000021	0	980375	252
1916.859375	1.58060800000021	taste	choicePhaseStart	5	266	26	foodImage.59	FOODEEG_Images\0607.jpg	YN	Right	No	1.58060800000021	0	981433	253
1918.435546875	0	taste	response	5	266	26	foodImage.59	FOODEEG_Images\0607.jpg	YN	Right	No	1.58060800000021	0	982240	235
1919.478515625	1	taste	trialStart	5	267	27	foodImage.21	FOODEEG_Images\0234.jpg	NY	Right	Yes	1.25986940000075	0	982774	251
1920.537109375	2	taste	foodImageDisplay	5	267	27	foodImage.21	FOODEEG_Images\0234.jpg	NY	Right	Yes	1.25986940000075	0	983316	252
1922.599609375	1.25986940000075	taste	choicePhaseStart	5	267	27	foodImage.21	FOODEEG_Images\0234.jpg	NY	Right	Yes	1.25986940000075	0	984372	253
1923.849609375	0	taste	response	5	267	27	foodImage.21	FOODEEG_Images\0234.jpg	NY	Right	Yes	1.25986940000075	0	985012	235
1924.896484375	1	health	trialStart	5	268	28	foodImage.94	FOODEEG_Images\0902.jpg	YN	Right	No	3.3746315999997	0	985548	251
1925.93359375	2	health	foodImageDisplay	5	268	28	foodImage.94	FOODEEG_Images\0902.jpg	YN	Right	No	3.3746315999997	0	986079	252
1927.998046875	3.3746315999997	health	choicePhaseStart	5	268	28	foodImage.94	FOODEEG_Images\0902.jpg	YN	Right	No	3.3746315999997	0	987136	253
1931.361328125	0	health	response	5	268	28	foodImage.94	FOODEEG_Images\0902.jpg	YN	Right	No	3.3746315999997	0	988858	235
1932.408203125	1	taste	trialStart	5	269	29	foodImage.54	FOODEEG_Images\0560.jpg	YN	Left	Yes	0.891567999999097	0	989394	251
1933.46484375	2	taste	foodImageDisplay	5	269	29	foodImage.54	FOODEEG_Images\0560.jpg	YN	Left	Yes	0.891567999999097	0	989935	252
1935.52734375	0.891567999999097	taste	choicePhaseStart	5	269	29	foodImage.54	FOODEEG_Images\0560.jpg	YN	Left	Yes	0.891567999999097	0	990991	253
1936.41015625	0	taste	response	5	269	29	foodImage.54	FOODEEG_Images\0560.jpg	YN	Left	Yes	0.891567999999097	0	991443	234
1937.453125	1	decision	trialStart	5	270	30	foodImage.33	FOODEEG_Images\0329.jpg	YN	Right	No	1.54784339999969	0	991977	251
1938.494140625	2	decision	foodImageDisplay	5	270	30	foodImage.33	FOODEEG_Images\0329.jpg	YN	Right	No	1.54784339999969	0	992510	252
1940.55859375	1.54784339999969	decision	choicePhaseStart	5	270	30	foodImage.33	FOODEEG_Images\0329.jpg	YN	Right	No	1.54784339999969	0	993567	253
1942.09765625	0	decision	response	5	270	30	foodImage.33	FOODEEG_Images\0329.jpg	YN	Right	No	1.54784339999969	0	994355	235
1943.140625	1	decision	trialStart	5	271	31	foodImage.12	FOODEEG_Images\0181.jpg	YN	Right	No	2.03479779999907	0	994889	251
1944.18359375	2	decision	foodImageDisplay	5	271	31	foodImage.12	FOODEEG_Images\0181.jpg	YN	Right	No	2.03479779999907	0	995423	252
1946.248046875	2.03479779999907	decision	choicePhaseStart	5	271	31	foodImage.12	FOODEEG_Images\0181.jpg	YN	Right	No	2.03479779999907	0	996480	253
1948.2734375	0	decision	response	5	271	31	foodImage.12	FOODEEG_Images\0181.jpg	YN	Right	No	2.03479779999907	0	997517	235
1949.322265625	1	taste	trialStart	5	272	32	foodImage.105	FOODEEG_Images\0913.jpg	NY	Left	No	1.01209440000093	0	998054	251
1950.359375	2	taste	foodImageDisplay	5	272	32	foodImage.105	FOODEEG_Images\0913.jpg	NY	Left	No	1.01209440000093	0	998585	252
1952.421875	1.01209440000093	taste	choicePhaseStart	5	272	32	foodImage.105	FOODEEG_Images\0913.jpg	NY	Left	No	1.01209440000093	0	999641	253
1953.42578125	0	taste	response	5	272	32	foodImage.105	FOODEEG_Images\0913.jpg	NY	Left	No	1.01209440000093	0	1000155	234
1954.46875	1	decision	trialStart	5	273	33	foodImage.112	FOODEEG_Images\0920.jpg	NY	Right	Yes	0.671038200001931	0	1000689	251
1955.5078125	2	decision	foodImageDisplay	5	273	33	foodImage.112	FOODEEG_Images\0920.jpg	NY	Right	Yes	0.671038200001931	0	1001221	252
1957.572265625	0.671038200001931	decision	choicePhaseStart	5	273	33	foodImage.112	FOODEEG_Images\0920.jpg	NY	Right	Yes	0.671038200001931	0	1002278	253
1958.232421875	0	decision	response	5	273	33	foodImage.112	FOODEEG_Images\0920.jpg	NY	Right	Yes	0.671038200001931	0	1002616	235
1959.27734375	1	taste	trialStart	5	274	34	foodImage.31	FOODEEG_Images\0294.jpg	NY	Left	No	1.46591479999915	0	1003151	251
1960.3203125	2	taste	foodImageDisplay	5	274	34	foodImage.31	FOODEEG_Images\0294.jpg	NY	Left	No	1.46591479999915	0	1003685	252
1962.384765625	1.46591479999915	taste	choicePhaseStart	5	274	34	foodImage.31	FOODEEG_Images\0294.jpg	NY	Left	No	1.46591479999915	0	1004742	253
1963.841796875	0	taste	response	5	274	34	foodImage.31	FOODEEG_Images\0294.jpg	NY	Left	No	1.46591479999915	0	1005488	234
1964.884765625	1	taste	trialStart	5	275	35	foodImage.99	FOODEEG_Images\0907.jpg	NY	Left	No	0.857724199999211	0	1006022	251
1965.9375	2	taste	foodImageDisplay	5	275	35	foodImage.99	FOODEEG_Images\0907.jpg	NY	Left	No	0.857724199999211	0	1006561	252
1968.005859375	0.857724199999211	taste	choicePhaseStart	5	275	35	foodImage.99	FOODEEG_Images\0907.jpg	NY	Left	No	0.857724199999211	0	1007620	253
1968.857421875	0	taste	response	5	275	35	foodImage.99	FOODEEG_Images\0907.jpg	NY	Left	No	0.857724199999211	0	1008056	234
1969.900390625	1	health	trialStart	5	276	36	foodImage.37	FOODEEG_Images\0359.jpg	NY	Right	Yes	0.803062400002091	0	1008590	251
1970.943359375	2	health	foodImageDisplay	5	276	36	foodImage.37	FOODEEG_Images\0359.jpg	NY	Right	Yes	0.803062400002091	0	1009124	252
1973.0078125	0.803062400002091	health	choicePhaseStart	5	276	36	foodImage.37	FOODEEG_Images\0359.jpg	NY	Right	Yes	0.803062400002091	0	1010181	253
1973.80078125	0	health	response	5	276	36	foodImage.37	FOODEEG_Images\0359.jpg	NY	Right	Yes	0.803062400002091	0	1010587	235
1974.849609375	1	health	trialStart	5	277	37	foodImage.108	FOODEEG_Images\0916.jpg	NY	Left	No	1.1535083000017	0	1011124	251
1975.888671875	2	health	foodImageDisplay	5	277	37	foodImage.108	FOODEEG_Images\0916.jpg	NY	Left	No	1.1535083000017	0	1011656	252
1977.951171875	1.1535083000017	health	choicePhaseStart	5	277	37	foodImage.108	FOODEEG_Images\0916.jpg	NY	Left	No	1.1535083000017	0	1012712	253
1979.095703125	0	health	response	5	277	37	foodImage.108	FOODEEG_Images\0916.jpg	NY	Left	No	1.1535083000017	0	1013298	234
1980.140625	1	decision	trialStart	5	278	38	foodImage.65	FOODEEG_Images\0658.jpg	YN	Right	No	2.09723739999754	0	1013833	251
1981.181640625	2	decision	foodImageDisplay	5	278	38	foodImage.65	FOODEEG_Images\0658.jpg	YN	Right	No	2.09723739999754	0	1014366	252
1983.24609375	2.09723739999754	decision	choicePhaseStart	5	278	38	foodImage.65	FOODEEG_Images\0658.jpg	YN	Right	No	2.09723739999754	0	1015423	253
1985.3359375	0	decision	response	5	278	38	foodImage.65	FOODEEG_Images\0658.jpg	YN	Right	No	2.09723739999754	0	1016493	235
1986.384765625	1	taste	trialStart	5	279	39	foodImage.11	FOODEEG_Images\0180.jpg	YN	Right	No	1.78426930000205	0	1017030	251
1987.42578125	2	taste	foodImageDisplay	5	279	39	foodImage.11	FOODEEG_Images\0180.jpg	YN	Right	No	1.78426930000205	0	1017563	252
1989.490234375	1.78426930000205	taste	choicePhaseStart	5	279	39	foodImage.11	FOODEEG_Images\0180.jpg	YN	Right	No	1.78426930000205	0	1018620	253
1991.263671875	0	taste	response	5	279	39	foodImage.11	FOODEEG_Images\0180.jpg	YN	Right	No	1.78426930000205	0	1019528	235
1992.306640625	1	health	trialStart	5	280	40	foodImage.71	FOODEEG_Images\0713.jpg	NY	Left	No	0.882394199998089	0	1020062	251
1993.3515625	2	health	foodImageDisplay	5	280	40	foodImage.71	FOODEEG_Images\0713.jpg	NY	Left	No	0.882394199998089	0	1020597	252
1995.4140625	0.882394199998089	health	choicePhaseStart	5	280	40	foodImage.71	FOODEEG_Images\0713.jpg	NY	Left	No	0.882394199998089	0	1021653	253
1996.287109375	0	health	response	5	280	40	foodImage.71	FOODEEG_Images\0713.jpg	NY	Left	No	0.882394199998089	0	1022100	234
1997.33203125	1	taste	trialStart	5	281	41	foodImage.19	FOODEEG_Images\0225.jpg	NY	Right	Yes	1.02721329999986	0	1022635	251
1998.373046875	2	taste	foodImageDisplay	5	281	41	foodImage.19	FOODEEG_Images\0225.jpg	NY	Right	Yes	1.02721329999986	0	1023168	252
2000.4375	1.02721329999986	taste	choicePhaseStart	5	281	41	foodImage.19	FOODEEG_Images\0225.jpg	NY	Right	Yes	1.02721329999986	0	1024225	253
2001.455078125	0	taste	response	5	281	41	foodImage.19	FOODEEG_Images\0225.jpg	NY	Right	Yes	1.02721329999986	0	1024746	235
2002.498046875	1	health	trialStart	5	282	42	foodImage.67	FOODEEG_Images\0679.jpg	YN	Right	No	0.916908299997885	0	1025280	251
2003.556640625	2	health	foodImageDisplay	5	282	42	foodImage.67	FOODEEG_Images\0679.jpg	YN	Right	No	0.916908299997885	0	1025822	252
2005.619140625	0.916908299997885	health	choicePhaseStart	5	282	42	foodImage.67	FOODEEG_Images\0679.jpg	YN	Right	No	0.916908299997885	0	1026878	253
2006.52734375	0	health	response	5	282	42	foodImage.67	FOODEEG_Images\0679.jpg	YN	Right	No	0.916908299997885	0	1027343	235
2007.583984375	1	decision	trialStart	5	283	43	foodImage.94	FOODEEG_Images\0902.jpg	NY	Left	No	0.938577500000974	0	1027884	251
2008.62109375	2	decision	foodImageDisplay	5	283	43	foodImage.94	FOODEEG_Images\0902.jpg	NY	Left	No	0.938577500000974	0	1028415	252
2010.685546875	0.938577500000974	decision	choicePhaseStart	5	283	43	foodImage.94	FOODEEG_Images\0902.jpg	NY	Left	No	0.938577500000974	0	1029472	253
2011.615234375	0	decision	response	5	283	43	foodImage.94	FOODEEG_Images\0902.jpg	NY	Left	No	0.938577500000974	0	1029948	234
2012.66015625	1	decision	trialStart	5	284	44	foodImage.1	FOODEEG_Images\0004.jpg	YN	Left	Yes	1.21241719999671	0	1030483	251
2013.708984375	2	decision	foodImageDisplay	5	284	44	foodImage.1	FOODEEG_Images\0004.jpg	YN	Left	Yes	1.21241719999671	0	1031020	252
2015.771484375	1.21241719999671	decision	choicePhaseStart	5	284	44	foodImage.1	FOODEEG_Images\0004.jpg	YN	Left	Yes	1.21241719999671	0	1032076	253
2016.974609375	0	decision	response	5	284	44	foodImage.1	FOODEEG_Images\0004.jpg	YN	Left	Yes	1.21241719999671	0	1032692	234
2018.017578125	1	taste	trialStart	5	285	45	foodImage.95	FOODEEG_Images\0903.jpg	NY	Right	Yes	1.86871149999934	0	1033226	251
2019.0546875	2	taste	foodImageDisplay	5	285	45	foodImage.95	FOODEEG_Images\0903.jpg	NY	Right	Yes	1.86871149999934	0	1033757	252
2021.123046875	1.86871149999934	taste	choicePhaseStart	5	285	45	foodImage.95	FOODEEG_Images\0903.jpg	NY	Right	Yes	1.86871149999934	0	1034816	253
2022.982421875	0	taste	response	5	285	45	foodImage.95	FOODEEG_Images\0903.jpg	NY	Right	Yes	1.86871149999934	0	1035768	235
2024.025390625	1	health	trialStart	5	286	46	foodImage.35	FOODEEG_Images\0350.jpg	YN	Right	No	1.46292460000041	0	1036302	251
2025.064453125	2	health	foodImageDisplay	5	286	46	foodImage.35	FOODEEG_Images\0350.jpg	YN	Right	No	1.46292460000041	0	1036834	252
2027.12890625	1.46292460000041	health	choicePhaseStart	5	286	46	foodImage.35	FOODEEG_Images\0350.jpg	YN	Right	No	1.46292460000041	0	1037891	253
2028.58203125	0	health	response	5	286	46	foodImage.35	FOODEEG_Images\0350.jpg	YN	Right	No	1.46292460000041	0	1038635	235
2029.626953125	1	health	trialStart	5	287	47	foodImage.114	FOODEEG_Images\0922.jpg	NY	Left	No	2.06393590000152	0	1039170	251
2030.6640625	2	health	foodImageDisplay	5	287	47	foodImage.114	FOODEEG_Images\0922.jpg	NY	Left	No	2.06393590000152	0	1039701	252
2032.728515625	2.06393590000152	health	choicePhaseStart	5	287	47	foodImage.114	FOODEEG_Images\0922.jpg	NY	Left	No	2.06393590000152	0	1040758	253
2034.78125	0	health	response	5	287	47	foodImage.114	FOODEEG_Images\0922.jpg	NY	Left	No	2.06393590000152	0	1041809	234
2035.82421875	1	taste	trialStart	5	288	48	foodImage.92	FOODEEG_Images\0900.jpg	NY	Left	No	0.849208800002089	0	1042343	251
2036.869140625	2	taste	foodImageDisplay	5	288	48	foodImage.92	FOODEEG_Images\0900.jpg	NY	Left	No	0.849208800002089	0	1042878	252
2038.93359375	0.849208800002089	taste	choicePhaseStart	5	288	48	foodImage.92	FOODEEG_Images\0900.jpg	NY	Left	No	0.849208800002089	0	1043935	253
2039.7734375	0	taste	response	5	288	48	foodImage.92	FOODEEG_Images\0900.jpg	NY	Left	No	0.849208800002089	0	1044365	234
2040.81640625	1	taste	trialStart	5	289	49	foodImage.32	FOODEEG_Images\0319.jpg	NY	Right	Yes	0.817085200000292	0	1044899	251
2041.86328125	2	taste	foodImageDisplay	5	289	49	foodImage.32	FOODEEG_Images\0319.jpg	NY	Right	Yes	0.817085200000292	0	1045435	252
2043.92578125	0.817085200000292	taste	choicePhaseStart	5	289	49	foodImage.32	FOODEEG_Images\0319.jpg	NY	Right	Yes	0.817085200000292	0	1046491	253
2044.734375	0	taste	response	5	289	49	foodImage.32	FOODEEG_Images\0319.jpg	NY	Right	Yes	0.817085200000292	0	1046905	235
2045.779296875	1	taste	trialStart	5	290	50	foodImage.83	FOODEEG_Images\0827.jpg	YN	Left	Yes	0.762310000001889	0	1047440	251
2046.837890625	2	taste	foodImageDisplay	5	290	50	foodImage.83	FOODEEG_Images\0827.jpg	YN	Left	Yes	0.762310000001889	0	1047982	252
2048.900390625	0.762310000001889	taste	choicePhaseStart	5	290	50	foodImage.83	FOODEEG_Images\0827.jpg	YN	Left	Yes	0.762310000001889	0	1049038	253
2049.654296875	0	taste	response	5	290	50	foodImage.83	FOODEEG_Images\0827.jpg	YN	Left	Yes	0.762310000001889	0	1049424	234
2050.697265625	1	taste	trialStart	5	291	51	foodImage.2	FOODEEG_Images\0028.jpg	NY	Right	Yes	0.789011099997879	0	1049958	251
2051.73828125	2	taste	foodImageDisplay	5	291	51	foodImage.2	FOODEEG_Images\0028.jpg	NY	Right	Yes	0.789011099997879	0	1050491	252
2053.80078125	0.789011099997879	taste	choicePhaseStart	5	291	51	foodImage.2	FOODEEG_Images\0028.jpg	NY	Right	Yes	0.789011099997879	0	1051547	253
2054.58203125	0	taste	response	5	291	51	foodImage.2	FOODEEG_Images\0028.jpg	NY	Right	Yes	0.789011099997879	0	1051947	235
2055.625	1	taste	trialStart	5	292	52	foodImage.62	FOODEEG_Images\0644.jpg	NY	Right	Yes	0.814207100000203	0	1052481	251
2056.681640625	2	taste	foodImageDisplay	5	292	52	foodImage.62	FOODEEG_Images\0644.jpg	NY	Right	Yes	0.814207100000203	0	1053022	252
2058.744140625	0.814207100000203	taste	choicePhaseStart	5	292	52	foodImage.62	FOODEEG_Images\0644.jpg	NY	Right	Yes	0.814207100000203	0	1054078	253
2059.548828125	0	taste	response	5	292	52	foodImage.62	FOODEEG_Images\0644.jpg	NY	Right	Yes	0.814207100000203	0	1054490	235
2060.59375	1	decision	trialStart	5	293	53	foodImage.31	FOODEEG_Images\0294.jpg	NY	Left	No	1.1553075999982	0	1055025	251
2061.634765625	2	decision	foodImageDisplay	5	293	53	foodImage.31	FOODEEG_Images\0294.jpg	NY	Left	No	1.1553075999982	0	1055558	252
2063.69921875	1.1553075999982	decision	choicePhaseStart	5	293	53	foodImage.31	FOODEEG_Images\0294.jpg	NY	Left	No	1.1553075999982	0	1056615	253
2064.845703125	0	decision	response	5	293	53	foodImage.31	FOODEEG_Images\0294.jpg	NY	Left	No	1.1553075999982	0	1057202	234
2065.888671875	1	taste	trialStart	5	294	54	foodImage.47	FOODEEG_Images\0488.jpg	YN	Left	Yes	1.14624060000278	0	1057736	251
2066.931640625	2	taste	foodImageDisplay	5	294	54	foodImage.47	FOODEEG_Images\0488.jpg	YN	Left	Yes	1.14624060000278	0	1058270	252
2068.99609375	1.14624060000278	taste	choicePhaseStart	5	294	54	foodImage.47	FOODEEG_Images\0488.jpg	YN	Left	Yes	1.14624060000278	0	1059327	253
2070.1328125	0	taste	response	5	294	54	foodImage.47	FOODEEG_Images\0488.jpg	YN	Left	Yes	1.14624060000278	0	1059909	234
2071.17578125	1	taste	trialStart	5	295	55	foodImage.76	FOODEEG_Images\0766.jpg	YN	Right	No	1.38533380000081	0	1060443	251
2072.220703125	2	taste	foodImageDisplay	5	295	55	foodImage.76	FOODEEG_Images\0766.jpg	YN	Right	No	1.38533380000081	0	1060978	252
2074.283203125	1.38533380000081	taste	choicePhaseStart	5	295	55	foodImage.76	FOODEEG_Images\0766.jpg	YN	Right	No	1.38533380000081	0	1062034	253
2075.66015625	0	taste	response	5	295	55	foodImage.76	FOODEEG_Images\0766.jpg	YN	Right	No	1.38533380000081	0	1062739	235
2076.703125	1	taste	trialStart	5	296	56	foodImage.10	FOODEEG_Images\0145.jpg	NY	Right	Yes	0.827294300001086	0	1063273	251
2077.76171875	2	taste	foodImageDisplay	5	296	56	foodImage.10	FOODEEG_Images\0145.jpg	NY	Right	Yes	0.827294300001086	0	1063815	252
2079.826171875	0.827294300001086	taste	choicePhaseStart	5	296	56	foodImage.10	FOODEEG_Images\0145.jpg	NY	Right	Yes	0.827294300001086	0	1064872	253
2080.64453125	0	taste	response	5	296	56	foodImage.10	FOODEEG_Images\0145.jpg	NY	Right	Yes	0.827294300001086	0	1065291	235
2081.6875	1	decision	trialStart	5	297	57	foodImage.67	FOODEEG_Images\0679.jpg	YN	Left	Yes	1.0229173000007	0	1065825	251
2082.748046875	2	decision	foodImageDisplay	5	297	57	foodImage.67	FOODEEG_Images\0679.jpg	YN	Left	Yes	1.0229173000007	0	1066368	252
2084.814453125	1.0229173000007	decision	choicePhaseStart	5	297	57	foodImage.67	FOODEEG_Images\0679.jpg	YN	Left	Yes	1.0229173000007	0	1067426	253
2085.828125	0	decision	response	5	297	57	foodImage.67	FOODEEG_Images\0679.jpg	YN	Left	Yes	1.0229173000007	0	1067945	234
2086.87109375	1	health	trialStart	5	298	58	foodImage.4	FOODEEG_Images\0065.jpg	YN	Right	No	1.15919719999874	0	1068479	251
2087.9296875	2	health	foodImageDisplay	5	298	58	foodImage.4	FOODEEG_Images\0065.jpg	YN	Right	No	1.15919719999874	0	1069021	252
2089.9921875	1.15919719999874	health	choicePhaseStart	5	298	58	foodImage.4	FOODEEG_Images\0065.jpg	YN	Right	No	1.15919719999874	0	1070077	253
2091.140625	0	health	response	5	298	58	foodImage.4	FOODEEG_Images\0065.jpg	YN	Right	No	1.15919719999874	0	1070665	235
2092.18359375	1	decision	trialStart	5	299	59	foodImage.8	FOODEEG_Images\0136.jpg	YN	Right	No	1.59607999999935	0	1071199	251
2093.2265625	2	decision	foodImageDisplay	5	299	59	foodImage.8	FOODEEG_Images\0136.jpg	YN	Right	No	1.59607999999935	0	1071733	252
2095.2890625	1.59607999999935	decision	choicePhaseStart	5	299	59	foodImage.8	FOODEEG_Images\0136.jpg	YN	Right	No	1.59607999999935	0	1072789	253
2096.875	0	decision	response	5	299	59	foodImage.8	FOODEEG_Images\0136.jpg	YN	Right	No	1.59607999999935	0	1073601	235
2097.91796875	1	health	trialStart	5	300	60	foodImage.87	FOODEEG_Images\0873.jpg	YN	Left	Yes	0.916925000001356	0	1074135	251
2098.9765625	2	health	foodImageDisplay	5	300	60	foodImage.87	FOODEEG_Images\0873.jpg	YN	Left	Yes	0.916925000001356	0	1074677	252
2101.0390625	0.916925000001356	health	choicePhaseStart	5	300	60	foodImage.87	FOODEEG_Images\0873.jpg	YN	Left	Yes	0.916925000001356	0	1075733	253
2101.947265625	0	health	response	5	300	60	foodImage.87	FOODEEG_Images\0873.jpg	YN	Left	Yes	0.916925000001356	0	1076198	234
2103.9921875	100.2734375	n/a	blockEnd	n/a	n/a	n/a	n/a	n/a	n/a	n/a	n/a	n/a	n/a	1077245	254
2204.265625	2	n/a	blockStart	6	n/a	n/a	n/a	n/a	n/a	n/a	n/a	n/a	n/a	1128585	250
2206.298828125	1	health	trialStart	6	301	1	foodImage.52	FOODEEG_Images\0539.jpg	YN	Left	Yes	1.29458039999736	0	1129626	251
2207.359375	2	health	foodImageDisplay	6	301	1	foodImage.52	FOODEEG_Images\0539.jpg	YN	Left	Yes	1.29458039999736	0	1130169	252
2209.42578125	1.29458039999736	health	choicePhaseStart	6	301	1	foodImage.52	FOODEEG_Images\0539.jpg	YN	Left	Yes	1.29458039999736	0	1131227	253
2210.7109375	0	health	response	6	301	1	foodImage.52	FOODEEG_Images\0539.jpg	YN	Left	Yes	1.29458039999736	0	1131885	234
2211.755859375	1	health	trialStart	6	302	2	foodImage.89	FOODEEG_Images\0881.jpg	YN	Left	Yes	0.908931000001758	0	1132420	251
2212.810546875	2	health	foodImageDisplay	6	302	2	foodImage.89	FOODEEG_Images\0881.jpg	YN	Left	Yes	0.908931000001758	0	1132960	252
2214.875	0.908931000001758	health	choicePhaseStart	6	302	2	foodImage.89	FOODEEG_Images\0881.jpg	YN	Left	Yes	0.908931000001758	0	1134017	253
2215.775390625	0	health	response	6	302	2	foodImage.89	FOODEEG_Images\0881.jpg	YN	Left	Yes	0.908931000001758	0	1134478	234
2216.818359375	1	health	trialStart	6	303	3	foodImage.99	FOODEEG_Images\0907.jpg	YN	Right	No	1.31416449999961	0	1135012	251
2217.85546875	2	health	foodImageDisplay	6	303	3	foodImage.99	FOODEEG_Images\0907.jpg	YN	Right	No	1.31416449999961	0	1135543	252
2219.91796875	1.31416449999961	health	choicePhaseStart	6	303	3	foodImage.99	FOODEEG_Images\0907.jpg	YN	Right	No	1.31416449999961	0	1136599	253
2221.22265625	0	health	response	6	303	3	foodImage.99	FOODEEG_Images\0907.jpg	YN	Right	No	1.31416449999961	0	1137267	235
2222.263671875	1	health	trialStart	6	304	4	foodImage.73	FOODEEG_Images\0717.jpg	YN	Right	No	1.39929029999985	0	1137800	251
2223.322265625	2	health	foodImageDisplay	6	304	4	foodImage.73	FOODEEG_Images\0717.jpg	YN	Right	No	1.39929029999985	0	1138342	252
2225.384765625	1.39929029999985	health	choicePhaseStart	6	304	4	foodImage.73	FOODEEG_Images\0717.jpg	YN	Right	No	1.39929029999985	0	1139398	253
2226.775390625	0	health	response	6	304	4	foodImage.73	FOODEEG_Images\0717.jpg	YN	Right	No	1.39929029999985	0	1140110	235
2227.818359375	1	decision	trialStart	6	305	5	foodImage.80	FOODEEG_Images\0796.jpg	NY	Right	Yes	1.41193280000152	0	1140644	251
2228.900390625	2	decision	foodImageDisplay	6	305	5	foodImage.80	FOODEEG_Images\0796.jpg	NY	Right	Yes	1.41193280000152	0	1141198	252
2230.962890625	1.41193280000152	decision	choicePhaseStart	6	305	5	foodImage.80	FOODEEG_Images\0796.jpg	NY	Right	Yes	1.41193280000152	0	1142254	253
2232.365234375	0	decision	response	6	305	5	foodImage.80	FOODEEG_Images\0796.jpg	NY	Right	Yes	1.41193280000152	0	1142972	235
2233.41015625	1	health	trialStart	6	306	6	foodImage.61	FOODEEG_Images\0640.jpg	YN	Left	Yes	1.48541390000173	0	1143507	251
2234.451171875	2	health	foodImageDisplay	6	306	6	foodImage.61	FOODEEG_Images\0640.jpg	YN	Left	Yes	1.48541390000173	0	1144040	252
2236.513671875	1.48541390000173	health	choicePhaseStart	6	306	6	foodImage.61	FOODEEG_Images\0640.jpg	YN	Left	Yes	1.48541390000173	0	1145096	253
2237.990234375	0	health	response	6	306	6	foodImage.61	FOODEEG_Images\0640.jpg	YN	Left	Yes	1.48541390000173	0	1145852	234
2239.03125	1	decision	trialStart	6	307	7	foodImage.14	FOODEEG_Images\0188.jpg	NY	Left	No	1.59187450000172	0	1146385	251
2240.087890625	2	decision	foodImageDisplay	6	307	7	foodImage.14	FOODEEG_Images\0188.jpg	NY	Left	No	1.59187450000172	0	1146926	252
2242.15234375	1.59187450000172	decision	choicePhaseStart	6	307	7	foodImage.14	FOODEEG_Images\0188.jpg	NY	Left	No	1.59187450000172	0	1147983	253
2243.734375	0	decision	response	6	307	7	foodImage.14	FOODEEG_Images\0188.jpg	NY	Left	No	1.59187450000172	0	1148793	234
2244.77734375	1	health	trialStart	6	308	8	foodImage.86	FOODEEG_Images\0844.jpg	YN	Right	No	2.29932009999902	0	1149327	251
2245.8359375	2	health	foodImageDisplay	6	308	8	foodImage.86	FOODEEG_Images\0844.jpg	YN	Right	No	2.29932009999902	0	1149869	252
2247.900390625	2.29932009999902	health	choicePhaseStart	6	308	8	foodImage.86	FOODEEG_Images\0844.jpg	YN	Right	No	2.29932009999902	0	1150926	253
2250.189453125	0	health	response	6	308	8	foodImage.86	FOODEEG_Images\0844.jpg	YN	Right	No	2.29932009999902	0	1152098	235
2251.23828125	1	taste	trialStart	6	309	9	foodImage.67	FOODEEG_Images\0679.jpg	NY	Right	Yes	1.31076079999912	0	1152635	251
2252.296875	2	taste	foodImageDisplay	6	309	9	foodImage.67	FOODEEG_Images\0679.jpg	NY	Right	Yes	1.31076079999912	0	1153177	252
2254.359375	1.31076079999912	taste	choicePhaseStart	6	309	9	foodImage.67	FOODEEG_Images\0679.jpg	NY	Right	Yes	1.31076079999912	0	1154233	253
2255.662109375	0	taste	response	6	309	9	foodImage.67	FOODEEG_Images\0679.jpg	NY	Right	Yes	1.31076079999912	0	1154900	235
2256.705078125	1	health	trialStart	6	310	10	foodImage.10	FOODEEG_Images\0145.jpg	NY	Left	No	1.38055949999762	0	1155434	251
2257.76171875	2	health	foodImageDisplay	6	310	10	foodImage.10	FOODEEG_Images\0145.jpg	NY	Left	No	1.38055949999762	0	1155975	252
2259.826171875	1.38055949999762	health	choicePhaseStart	6	310	10	foodImage.10	FOODEEG_Images\0145.jpg	NY	Left	No	1.38055949999762	0	1157032	253
2261.197265625	0	health	response	6	310	10	foodImage.10	FOODEEG_Images\0145.jpg	NY	Left	No	1.38055949999762	0	1157734	234
2262.240234375	1	taste	trialStart	6	311	11	foodImage.100	FOODEEG_Images\0908.jpg	NY	Left	No	1.31870720000006	0	1158268	251
2263.279296875	2	taste	foodImageDisplay	6	311	11	foodImage.100	FOODEEG_Images\0908.jpg	NY	Left	No	1.31870720000006	0	1158800	252
2265.345703125	1.31870720000006	taste	choicePhaseStart	6	311	11	foodImage.100	FOODEEG_Images\0908.jpg	NY	Left	No	1.31870720000006	0	1159858	253
2266.66015625	0	taste	response	6	311	11	foodImage.100	FOODEEG_Images\0908.jpg	NY	Left	No	1.31870720000006	0	1160531	234
2267.705078125	1	taste	trialStart	6	312	12	foodImage.63	FOODEEG_Images\0645.jpg	YN	Left	Yes	1.07740349999949	0	1161066	251
2268.74609375	2	taste	foodImageDisplay	6	312	12	foodImage.63	FOODEEG_Images\0645.jpg	YN	Left	Yes	1.07740349999949	0	1161599	252
2270.80859375	1.07740349999949	taste	choicePhaseStart	6	312	12	foodImage.63	FOODEEG_Images\0645.jpg	YN	Left	Yes	1.07740349999949	0	1162655	253
2271.876953125	0	taste	response	6	312	12	foodImage.63	FOODEEG_Images\0645.jpg	YN	Left	Yes	1.07740349999949	0	1163202	234
2272.919921875	1	taste	trialStart	6	313	13	foodImage.35	FOODEEG_Images\0350.jpg	YN	Left	Yes	2.32126309999876	0	1163736	251
2273.9609375	2	taste	foodImageDisplay	6	313	13	foodImage.35	FOODEEG_Images\0350.jpg	YN	Left	Yes	2.32126309999876	0	1164269	252
2276.025390625	2.32126309999876	taste	choicePhaseStart	6	313	13	foodImage.35	FOODEEG_Images\0350.jpg	YN	Left	Yes	2.32126309999876	0	1165326	253
2278.33984375	0	taste	response	6	313	13	foodImage.35	FOODEEG_Images\0350.jpg	YN	Left	Yes	2.32126309999876	0	1166511	234
2279.388671875	1	taste	trialStart	6	314	14	foodImage.101	FOODEEG_Images\0909.jpg	NY	Left	No	0.989981499998976	0	1167048	251
2280.427734375	2	taste	foodImageDisplay	6	314	14	foodImage.101	FOODEEG_Images\0909.jpg	NY	Left	No	0.989981499998976	0	1167580	252
2282.49609375	0.989981499998976	taste	choicePhaseStart	6	314	14	foodImage.101	FOODEEG_Images\0909.jpg	NY	Left	No	0.989981499998976	0	1168639	253
2283.4765625	0	taste	response	6	314	14	foodImage.101	FOODEEG_Images\0909.jpg	NY	Left	No	0.989981499998976	0	1169141	234
2284.541015625	1	taste	trialStart	6	315	15	foodImage.106	FOODEEG_Images\0914.jpg	YN	Left	Yes	0.721330600001238	0	1169686	251
2285.580078125	2	taste	foodImageDisplay	6	315	15	foodImage.106	FOODEEG_Images\0914.jpg	YN	Left	Yes	0.721330600001238	0	1170218	252
2287.64453125	0.721330600001238	taste	choicePhaseStart	6	315	15	foodImage.106	FOODEEG_Images\0914.jpg	YN	Left	Yes	0.721330600001238	0	1171275	253
2288.35546875	0	taste	response	6	315	15	foodImage.106	FOODEEG_Images\0914.jpg	YN	Left	Yes	0.721330600001238	0	1171639	234
2289.40625	1	decision	trialStart	6	316	16	foodImage.113	FOODEEG_Images\0921.jpg	NY	Left	No	1.86700490000294	0	1172177	251
2290.4453125	2	decision	foodImageDisplay	6	316	16	foodImage.113	FOODEEG_Images\0921.jpg	NY	Left	No	1.86700490000294	0	1172709	252
2292.513671875	1.86700490000294	decision	choicePhaseStart	6	316	16	foodImage.113	FOODEEG_Images\0921.jpg	NY	Left	No	1.86700490000294	0	1173768	253
2294.37109375	0	decision	response	6	316	16	foodImage.113	FOODEEG_Images\0921.jpg	NY	Left	No	1.86700490000294	0	1174719	234
2295.4296875	1	health	trialStart	6	317	17	foodImage.22	FOODEEG_Images\0236.jpg	YN	Left	Yes	1.03735389999929	0	1175261	251
2296.47265625	2	health	foodImageDisplay	6	317	17	foodImage.22	FOODEEG_Images\0236.jpg	YN	Left	Yes	1.03735389999929	0	1175795	252
2298.541015625	1.03735389999929	health	choicePhaseStart	6	317	17	foodImage.22	FOODEEG_Images\0236.jpg	YN	Left	Yes	1.03735389999929	0	1176854	253
2299.572265625	0	health	response	6	317	17	foodImage.22	FOODEEG_Images\0236.jpg	YN	Left	Yes	1.03735389999929	0	1177382	234
2300.615234375	1	taste	trialStart	6	318	18	foodImage.110	FOODEEG_Images\0918.jpg	YN	Right	No	1.08647500000006	0	1177916	251
2301.654296875	2	taste	foodImageDisplay	6	318	18	foodImage.110	FOODEEG_Images\0918.jpg	YN	Right	No	1.08647500000006	0	1178448	252
2303.71875	1.08647500000006	taste	choicePhaseStart	6	318	18	foodImage.110	FOODEEG_Images\0918.jpg	YN	Right	No	1.08647500000006	0	1179505	253
2304.794921875	0	taste	response	6	318	18	foodImage.110	FOODEEG_Images\0918.jpg	YN	Right	No	1.08647500000006	0	1180056	235
2305.83984375	1	decision	trialStart	6	319	19	foodImage.2	FOODEEG_Images\0028.jpg	YN	Left	Yes	0.83299480000278	0	1180591	251
2306.8828125	2	decision	foodImageDisplay	6	319	19	foodImage.2	FOODEEG_Images\0028.jpg	YN	Left	Yes	0.83299480000278	0	1181125	252
2308.947265625	0.83299480000278	decision	choicePhaseStart	6	319	19	foodImage.2	FOODEEG_Images\0028.jpg	YN	Left	Yes	0.83299480000278	0	1182182	253
2309.771484375	0	decision	response	6	319	19	foodImage.2	FOODEEG_Images\0028.jpg	YN	Left	Yes	0.83299480000278	0	1182604	234
2310.814453125	1	health	trialStart	6	320	20	foodImage.66	FOODEEG_Images\0676.jpg	NY	Left	No	3.54684980000093	0	1183138	251
2311.85546875	2	health	foodImageDisplay	6	320	20	foodImage.66	FOODEEG_Images\0676.jpg	NY	Left	No	3.54684980000093	0	1183671	252
2313.921875	3.54684980000093	health	choicePhaseStart	6	320	20	foodImage.66	FOODEEG_Images\0676.jpg	NY	Left	No	3.54684980000093	0	1184729	253
2317.458984375	0	health	response	6	320	20	foodImage.66	FOODEEG_Images\0676.jpg	NY	Left	No	3.54684980000093	0	1186540	234
2318.5078125	1	taste	trialStart	6	321	21	foodImage.27	FOODEEG_Images\0263.jpg	YN	Left	Yes	0.771886999998969	0	1187077	251
2319.548828125	2	taste	foodImageDisplay	6	321	21	foodImage.27	FOODEEG_Images\0263.jpg	YN	Left	Yes	0.771886999998969	0	1187610	252
2321.6171875	0.771886999998969	taste	choicePhaseStart	6	321	21	foodImage.27	FOODEEG_Images\0263.jpg	YN	Left	Yes	0.771886999998969	0	1188669	253
2322.37890625	0	taste	response	6	321	21	foodImage.27	FOODEEG_Images\0263.jpg	YN	Left	Yes	0.771886999998969	0	1189059	234
2323.427734375	1	health	trialStart	6	322	22	foodImage.47	FOODEEG_Images\0488.jpg	YN	Right	No	0.925826599999709	0	1189596	251
2324.46875	2	health	foodImageDisplay	6	322	22	foodImage.47	FOODEEG_Images\0488.jpg	YN	Right	No	0.925826599999709	0	1190129	252
2326.533203125	0.925826599999709	health	choicePhaseStart	6	322	22	foodImage.47	FOODEEG_Images\0488.jpg	YN	Right	No	0.925826599999709	0	1191186	253
2327.451171875	0	health	response	6	322	22	foodImage.47	FOODEEG_Images\0488.jpg	YN	Right	No	0.925826599999709	0	1191656	235
2328.49609375	1	health	trialStart	6	323	23	foodImage.30	FOODEEG_Images\0282.jpg	YN	Left	Yes	1.04652530000021	0	1192191	251
2329.541015625	2	health	foodImageDisplay	6	323	23	foodImage.30	FOODEEG_Images\0282.jpg	YN	Left	Yes	1.04652530000021	0	1192726	252
2331.611328125	1.04652530000021	health	choicePhaseStart	6	323	23	foodImage.30	FOODEEG_Images\0282.jpg	YN	Left	Yes	1.04652530000021	0	1193786	253
2332.650390625	0	health	response	6	323	23	foodImage.30	FOODEEG_Images\0282.jpg	YN	Left	Yes	1.04652530000021	0	1194318	234
2333.716796875	1	decision	trialStart	6	324	24	foodImage.16	FOODEEG_Images\0196.jpg	NY	Left	No	1.47115199999826	0	1194864	251
2334.7734375	2	decision	foodImageDisplay	6	324	24	foodImage.16	FOODEEG_Images\0196.jpg	NY	Left	No	1.47115199999826	0	1195405	252
2336.837890625	1.47115199999826	decision	choicePhaseStart	6	324	24	foodImage.16	FOODEEG_Images\0196.jpg	NY	Left	No	1.47115199999826	0	1196462	253
2338.298828125	0	decision	response	6	324	24	foodImage.16	FOODEEG_Images\0196.jpg	NY	Left	No	1.47115199999826	0	1197210	234
2339.341796875	1	decision	trialStart	6	325	25	foodImage.111	FOODEEG_Images\0919.jpg	YN	Right	No	1.43829469999764	0	1197744	251
2340.380859375	2	decision	foodImageDisplay	6	325	25	foodImage.111	FOODEEG_Images\0919.jpg	YN	Right	No	1.43829469999764	0	1198276	252
2342.443359375	1.43829469999764	decision	choicePhaseStart	6	325	25	foodImage.111	FOODEEG_Images\0919.jpg	YN	Right	No	1.43829469999764	0	1199332	253
2343.873046875	0	decision	response	6	325	25	foodImage.111	FOODEEG_Images\0919.jpg	YN	Right	No	1.43829469999764	0	1200064	235
2344.91796875	1	taste	trialStart	6	326	26	foodImage.87	FOODEEG_Images\0873.jpg	YN	Right	No	1.03502239999943	0	1200599	251
2345.9765625	2	taste	foodImageDisplay	6	326	26	foodImage.87	FOODEEG_Images\0873.jpg	YN	Right	No	1.03502239999943	0	1201141	252
2348.0390625	1.03502239999943	taste	choicePhaseStart	6	326	26	foodImage.87	FOODEEG_Images\0873.jpg	YN	Right	No	1.03502239999943	0	1202197	253
2349.064453125	0	taste	response	6	326	26	foodImage.87	FOODEEG_Images\0873.jpg	YN	Right	No	1.03502239999943	0	1202722	235
2350.109375	1	decision	trialStart	6	327	27	foodImage.19	FOODEEG_Images\0225.jpg	YN	Left	Yes	0.91362090000257	0	1203257	251
2351.154296875	2	decision	foodImageDisplay	6	327	27	foodImage.19	FOODEEG_Images\0225.jpg	YN	Left	Yes	0.91362090000257	0	1203792	252
2353.216796875	0.91362090000257	decision	choicePhaseStart	6	327	27	foodImage.19	FOODEEG_Images\0225.jpg	YN	Left	Yes	0.91362090000257	0	1204848	253
2354.12109375	0	decision	response	6	327	27	foodImage.19	FOODEEG_Images\0225.jpg	YN	Left	Yes	0.91362090000257	0	1205311	234
2355.162109375	1	health	trialStart	6	328	28	foodImage.112	FOODEEG_Images\0920.jpg	YN	Right	No	1.45785860000251	0	1205844	251
2356.201171875	2	health	foodImageDisplay	6	328	28	foodImage.112	FOODEEG_Images\0920.jpg	YN	Right	No	1.45785860000251	0	1206376	252
2358.265625	1.45785860000251	health	choicePhaseStart	6	328	28	foodImage.112	FOODEEG_Images\0920.jpg	YN	Right	No	1.45785860000251	0	1207433	253
2359.712890625	0	health	response	6	328	28	foodImage.112	FOODEEG_Images\0920.jpg	YN	Right	No	1.45785860000251	0	1208174	235
2360.779296875	1	taste	trialStart	6	329	29	foodImage.89	FOODEEG_Images\0881.jpg	YN	Left	Yes	0.961524599999393	0	1208720	251
2361.833984375	2	taste	foodImageDisplay	6	329	29	foodImage.89	FOODEEG_Images\0881.jpg	YN	Left	Yes	0.961524599999393	0	1209260	252
2363.90234375	0.961524599999393	taste	choicePhaseStart	6	329	29	foodImage.89	FOODEEG_Images\0881.jpg	YN	Left	Yes	0.961524599999393	0	1210319	253
2364.857421875	0	taste	response	6	329	29	foodImage.89	FOODEEG_Images\0881.jpg	YN	Left	Yes	0.961524599999393	0	1210808	234
2365.900390625	1	taste	trialStart	6	330	30	foodImage.93	FOODEEG_Images\0901.jpg	NY	Left	No	0.757374400000117	0	1211342	251
2366.939453125	2	taste	foodImageDisplay	6	330	30	foodImage.93	FOODEEG_Images\0901.jpg	NY	Left	No	0.757374400000117	0	1211874	252
2369.005859375	0.757374400000117	taste	choicePhaseStart	6	330	30	foodImage.93	FOODEEG_Images\0901.jpg	NY	Left	No	0.757374400000117	0	1212932	253
2369.751953125	0	taste	response	6	330	30	foodImage.93	FOODEEG_Images\0901.jpg	NY	Left	No	0.757374400000117	0	1213314	234
2370.796875	1	health	trialStart	6	331	31	foodImage.90	FOODEEG_Images\0890.jpg	NY	Right	Yes	0.811433800001396	0	1213849	251
2371.87109375	2	health	foodImageDisplay	6	331	31	foodImage.90	FOODEEG_Images\0890.jpg	NY	Right	Yes	0.811433800001396	0	1214399	252
2373.93359375	0.811433800001396	health	choicePhaseStart	6	331	31	foodImage.90	FOODEEG_Images\0890.jpg	NY	Right	Yes	0.811433800001396	0	1215455	253
2374.736328125	0	health	response	6	331	31	foodImage.90	FOODEEG_Images\0890.jpg	NY	Right	Yes	0.811433800001396	0	1215866	235
2375.78125	1	health	trialStart	6	332	32	foodImage.95	FOODEEG_Images\0903.jpg	NY	Left	No	2.59883679999984	0	1216401	251
2376.818359375	2	health	foodImageDisplay	6	332	32	foodImage.95	FOODEEG_Images\0903.jpg	NY	Left	No	2.59883679999984	0	1216932	252
2378.8828125	2.59883679999984	health	choicePhaseStart	6	332	32	foodImage.95	FOODEEG_Images\0903.jpg	NY	Left	No	2.59883679999984	0	1217989	253
2381.47265625	0	health	response	6	332	32	foodImage.95	FOODEEG_Images\0903.jpg	NY	Left	No	2.59883679999984	0	1219315	234
2382.515625	1	decision	trialStart	6	333	33	foodImage.51	FOODEEG_Images\0536.jpg	YN	Left	Yes	1.16692390000026	0	1219849	251
2383.5625	2	decision	foodImageDisplay	6	333	33	foodImage.51	FOODEEG_Images\0536.jpg	YN	Left	Yes	1.16692390000026	0	1220385	252
2385.626953125	1.16692390000026	decision	choicePhaseStart	6	333	33	foodImage.51	FOODEEG_Images\0536.jpg	YN	Left	Yes	1.16692390000026	0	1221442	253
2386.78515625	0	decision	response	6	333	33	foodImage.51	FOODEEG_Images\0536.jpg	YN	Left	Yes	1.16692390000026	0	1222035	234
2387.828125	1	decision	trialStart	6	334	34	foodImage.6	FOODEEG_Images\0113.jpg	NY	Right	Yes	1.23386190000019	0	1222569	251
2388.87109375	2	decision	foodImageDisplay	6	334	34	foodImage.6	FOODEEG_Images\0113.jpg	NY	Right	Yes	1.23386190000019	0	1223103	252
2390.935546875	1.23386190000019	decision	choicePhaseStart	6	334	34	foodImage.6	FOODEEG_Images\0113.jpg	NY	Right	Yes	1.23386190000019	0	1224160	253
2392.16015625	0	decision	response	6	334	34	foodImage.6	FOODEEG_Images\0113.jpg	NY	Right	Yes	1.23386190000019	0	1224787	235
2393.203125	1	taste	trialStart	6	335	35	foodImage.74	FOODEEG_Images\0752.jpg	NY	Right	Yes	0.925320500002272	0	1225321	251
2394.248046875	2	taste	foodImageDisplay	6	335	35	foodImage.74	FOODEEG_Images\0752.jpg	NY	Right	Yes	0.925320500002272	0	1225856	252
2396.31640625	0.925320500002272	taste	choicePhaseStart	6	335	35	foodImage.74	FOODEEG_Images\0752.jpg	NY	Right	Yes	0.925320500002272	0	1226915	253
2397.232421875	0	taste	response	6	335	35	foodImage.74	FOODEEG_Images\0752.jpg	NY	Right	Yes	0.925320500002272	0	1227384	235
2398.275390625	1	health	trialStart	6	336	36	foodImage.17	FOODEEG_Images\0199.jpg	NY	Right	Yes	1.74842609999905	0	1227918	251
2399.318359375	2	health	foodImageDisplay	6	336	36	foodImage.17	FOODEEG_Images\0199.jpg	NY	Right	Yes	1.74842609999905	0	1228452	252
2401.380859375	1.74842609999905	health	choicePhaseStart	6	336	36	foodImage.17	FOODEEG_Images\0199.jpg	NY	Right	Yes	1.74842609999905	0	1229508	253
2403.119140625	0	health	response	6	336	36	foodImage.17	FOODEEG_Images\0199.jpg	NY	Right	Yes	1.74842609999905	0	1230398	235
2404.18359375	1	decision	trialStart	6	337	37	foodImage.23	FOODEEG_Images\0244.jpg	NY	Right	Yes	0.884332099998574	0	1230943	251
2405.2265625	2	decision	foodImageDisplay	6	337	37	foodImage.23	FOODEEG_Images\0244.jpg	NY	Right	Yes	0.884332099998574	0	1231477	252
2407.2890625	0.884332099998574	decision	choicePhaseStart	6	337	37	foodImage.23	FOODEEG_Images\0244.jpg	NY	Right	Yes	0.884332099998574	0	1232533	253
2408.16796875	0	decision	response	6	337	37	foodImage.23	FOODEEG_Images\0244.jpg	NY	Right	Yes	0.884332099998574	0	1232983	235
2409.2109375	1	taste	trialStart	6	338	38	foodImage.82	FOODEEG_Images\0805.jpg	NY	Left	No	1.41572530000121	0	1233517	251
2410.265625	2	taste	foodImageDisplay	6	338	38	foodImage.82	FOODEEG_Images\0805.jpg	NY	Left	No	1.41572530000121	0	1234057	252
2412.328125	1.41572530000121	taste	choicePhaseStart	6	338	38	foodImage.82	FOODEEG_Images\0805.jpg	NY	Left	No	1.41572530000121	0	1235113	253
2413.736328125	0	taste	response	6	338	38	foodImage.82	FOODEEG_Images\0805.jpg	NY	Left	No	1.41572530000121	0	1235834	234
2414.78515625	1	decision	trialStart	6	339	39	foodImage.98	FOODEEG_Images\0906.jpg	NY	Left	No	1.21955979999984	0	1236371	251
2415.822265625	2	decision	foodImageDisplay	6	339	39	foodImage.98	FOODEEG_Images\0906.jpg	NY	Left	No	1.21955979999984	0	1236902	252
2417.884765625	1.21955979999984	decision	choicePhaseStart	6	339	39	foodImage.98	FOODEEG_Images\0906.jpg	NY	Left	No	1.21955979999984	0	1237958	253
2419.095703125	0	decision	response	6	339	39	foodImage.98	FOODEEG_Images\0906.jpg	NY	Left	No	1.21955979999984	0	1238578	234
2420.146484375	1	health	trialStart	6	340	40	foodImage.93	FOODEEG_Images\0901.jpg	YN	Right	No	1.54605439999796	0	1239116	251
2421.18359375	2	health	foodImageDisplay	6	340	40	foodImage.93	FOODEEG_Images\0901.jpg	YN	Right	No	1.54605439999796	0	1239647	252
2423.251953125	1.54605439999796	health	choicePhaseStart	6	340	40	foodImage.93	FOODEEG_Images\0901.jpg	YN	Right	No	1.54605439999796	0	1240706	253
2424.791015625	0	health	response	6	340	40	foodImage.93	FOODEEG_Images\0901.jpg	YN	Right	No	1.54605439999796	0	1241494	235
2425.8359375	1	health	trialStart	6	341	41	foodImage.65	FOODEEG_Images\0658.jpg	NY	Right	Yes	1.10753180000029	0	1242029	251
2426.876953125	2	health	foodImageDisplay	6	341	41	foodImage.65	FOODEEG_Images\0658.jpg	NY	Right	Yes	1.10753180000029	0	1242562	252
2428.94140625	1.10753180000029	health	choicePhaseStart	6	341	41	foodImage.65	FOODEEG_Images\0658.jpg	NY	Right	Yes	1.10753180000029	0	1243619	253
2430.0390625	0	health	response	6	341	41	foodImage.65	FOODEEG_Images\0658.jpg	NY	Right	Yes	1.10753180000029	0	1244181	235
2431.08203125	1	decision	trialStart	6	342	42	foodImage.46	FOODEEG_Images\0479.jpg	NY	Right	Yes	0.953446700001223	0	1244715	251
2432.142578125	2	decision	foodImageDisplay	6	342	42	foodImage.46	FOODEEG_Images\0479.jpg	NY	Right	Yes	0.953446700001223	0	1245258	252
2434.205078125	0.953446700001223	decision	choicePhaseStart	6	342	42	foodImage.46	FOODEEG_Images\0479.jpg	NY	Right	Yes	0.953446700001223	0	1246314	253
2435.150390625	0	decision	response	6	342	42	foodImage.46	FOODEEG_Images\0479.jpg	NY	Right	Yes	0.953446700001223	0	1246798	235
2436.193359375	1	taste	trialStart	6	343	43	foodImage.60	FOODEEG_Images\0614.jpg	NY	Right	Yes	0.891089400000055	0	1247332	251
2437.251953125	2	taste	foodImageDisplay	6	343	43	foodImage.60	FOODEEG_Images\0614.jpg	NY	Right	Yes	0.891089400000055	0	1247874	252
2439.31640625	0.891089400000055	taste	choicePhaseStart	6	343	43	foodImage.60	FOODEEG_Images\0614.jpg	NY	Right	Yes	0.891089400000055	0	1248931	253
2440.197265625	0	taste	response	6	343	43	foodImage.60	FOODEEG_Images\0614.jpg	NY	Right	Yes	0.891089400000055	0	1249382	235
2441.2421875	1	decision	trialStart	6	344	44	foodImage.83	FOODEEG_Images\0827.jpg	YN	Left	Yes	1.07559159999801	0	1249917	251
2442.298828125	2	decision	foodImageDisplay	6	344	44	foodImage.83	FOODEEG_Images\0827.jpg	YN	Left	Yes	1.07559159999801	0	1250458	252
2444.36328125	1.07559159999801	decision	choicePhaseStart	6	344	44	foodImage.83	FOODEEG_Images\0827.jpg	YN	Left	Yes	1.07559159999801	0	1251515	253
2445.4296875	0	decision	response	6	344	44	foodImage.83	FOODEEG_Images\0827.jpg	YN	Left	Yes	1.07559159999801	0	1252061	234
2446.474609375	1	decision	trialStart	6	345	45	foodImage.90	FOODEEG_Images\0890.jpg	YN	Right	No	0.768898800000898	0	1252596	251
2447.533203125	2	decision	foodImageDisplay	6	345	45	foodImage.90	FOODEEG_Images\0890.jpg	YN	Right	No	0.768898800000898	0	1253138	252
2449.59765625	0.768898800000898	decision	choicePhaseStart	6	345	45	foodImage.90	FOODEEG_Images\0890.jpg	YN	Right	No	0.768898800000898	0	1254195	253
2450.357421875	0	decision	response	6	345	45	foodImage.90	FOODEEG_Images\0890.jpg	YN	Right	No	0.768898800000898	0	1254584	235
2451.40234375	1	taste	trialStart	6	346	46	foodImage.40	FOODEEG_Images\0373.jpg	NY	Right	Yes	0.907345100000384	0	1255119	251
2452.443359375	2	taste	foodImageDisplay	6	346	46	foodImage.40	FOODEEG_Images\0373.jpg	NY	Right	Yes	0.907345100000384	0	1255652	252
2454.5078125	0.907345100000384	taste	choicePhaseStart	6	346	46	foodImage.40	FOODEEG_Images\0373.jpg	NY	Right	Yes	0.907345100000384	0	1256709	253
2455.404296875	0	taste	response	6	346	46	foodImage.40	FOODEEG_Images\0373.jpg	NY	Right	Yes	0.907345100000384	0	1257168	235
2456.44921875	1	decision	trialStart	6	347	47	foodImage.59	FOODEEG_Images\0607.jpg	NY	Left	No	1.78290559999732	0	1257703	251
2457.49609375	2	decision	foodImageDisplay	6	347	47	foodImage.59	FOODEEG_Images\0607.jpg	NY	Left	No	1.78290559999732	0	1258239	252
2459.560546875	1.78290559999732	decision	choicePhaseStart	6	347	47	foodImage.59	FOODEEG_Images\0607.jpg	NY	Left	No	1.78290559999732	0	1259296	253
2461.333984375	0	decision	response	6	347	47	foodImage.59	FOODEEG_Images\0607.jpg	NY	Left	No	1.78290559999732	0	1260204	234
2462.376953125	1	taste	trialStart	6	348	48	foodImage.69	FOODEEG_Images\0693.jpg	NY	Right	Yes	0.802644799998234	0	1260738	251
2463.419921875	2	taste	foodImageDisplay	6	348	48	foodImage.69	FOODEEG_Images\0693.jpg	NY	Right	Yes	0.802644799998234	0	1261272	252
2465.482421875	0.802644799998234	taste	choicePhaseStart	6	348	48	foodImage.69	FOODEEG_Images\0693.jpg	NY	Right	Yes	0.802644799998234	0	1262328	253
2466.27734375	0	taste	response	6	348	48	foodImage.69	FOODEEG_Images\0693.jpg	NY	Right	Yes	0.802644799998234	0	1262735	235
2467.328125	1	decision	trialStart	6	349	49	foodImage.24	FOODEEG_Images\0250.jpg	NY	Left	No	0.818220599998313	0	1263273	251
2468.37109375	2	decision	foodImageDisplay	6	349	49	foodImage.24	FOODEEG_Images\0250.jpg	NY	Left	No	0.818220599998313	0	1263807	252
2470.435546875	0.818220599998313	decision	choicePhaseStart	6	349	49	foodImage.24	FOODEEG_Images\0250.jpg	NY	Left	No	0.818220599998313	0	1264864	253
2471.244140625	0	decision	response	6	349	49	foodImage.24	FOODEEG_Images\0250.jpg	NY	Left	No	0.818220599998313	0	1265278	234
2472.287109375	1	taste	trialStart	6	350	50	foodImage.86	FOODEEG_Images\0844.jpg	YN	Right	No	1.09174700000221	0	1265812	251
2473.37109375	2	taste	foodImageDisplay	6	350	50	foodImage.86	FOODEEG_Images\0844.jpg	YN	Right	No	1.09174700000221	0	1266367	252
2475.43359375	1.09174700000221	taste	choicePhaseStart	6	350	50	foodImage.86	FOODEEG_Images\0844.jpg	YN	Right	No	1.09174700000221	0	1267423	253
2476.517578125	0	taste	response	6	350	50	foodImage.86	FOODEEG_Images\0844.jpg	YN	Right	No	1.09174700000221	0	1267978	235
2477.560546875	1	decision	trialStart	6	351	51	foodImage.105	FOODEEG_Images\0913.jpg	NY	Left	No	0.710417600002984	0	1268512	251
2478.599609375	2	decision	foodImageDisplay	6	351	51	foodImage.105	FOODEEG_Images\0913.jpg	NY	Left	No	0.710417600002984	0	1269044	252
2480.6640625	0.710417600002984	decision	choicePhaseStart	6	351	51	foodImage.105	FOODEEG_Images\0913.jpg	NY	Left	No	0.710417600002984	0	1270101	253
2481.365234375	0	decision	response	6	351	51	foodImage.105	FOODEEG_Images\0913.jpg	NY	Left	No	0.710417600002984	0	1270460	234
2482.408203125	1	taste	trialStart	6	352	52	foodImage.78	FOODEEG_Images\0787.jpg	YN	Left	Yes	0.763249799998448	0	1270994	251
2483.453125	2	taste	foodImageDisplay	6	352	52	foodImage.78	FOODEEG_Images\0787.jpg	YN	Left	Yes	0.763249799998448	0	1271529	252
2485.521484375	0.763249799998448	taste	choicePhaseStart	6	352	52	foodImage.78	FOODEEG_Images\0787.jpg	YN	Left	Yes	0.763249799998448	0	1272588	253
2486.275390625	0	taste	response	6	352	52	foodImage.78	FOODEEG_Images\0787.jpg	YN	Left	Yes	0.763249799998448	0	1272974	234
2487.318359375	1	health	trialStart	6	353	53	foodImage.27	FOODEEG_Images\0263.jpg	NY	Right	Yes	1.4769782000003	0	1273508	251
2488.361328125	2	health	foodImageDisplay	6	353	53	foodImage.27	FOODEEG_Images\0263.jpg	NY	Right	Yes	1.4769782000003	0	1274042	252
2490.423828125	1.4769782000003	health	choicePhaseStart	6	353	53	foodImage.27	FOODEEG_Images\0263.jpg	NY	Right	Yes	1.4769782000003	0	1275098	253
2491.892578125	0	health	response	6	353	53	foodImage.27	FOODEEG_Images\0263.jpg	NY	Right	Yes	1.4769782000003	0	1275850	235
2492.935546875	1	health	trialStart	6	354	54	foodImage.15	FOODEEG_Images\0189.jpg	YN	Right	No	0.961224499998934	0	1276384	251
2493.994140625	2	health	foodImageDisplay	6	354	54	foodImage.15	FOODEEG_Images\0189.jpg	YN	Right	No	0.961224499998934	0	1276926	252
2496.056640625	0.961224499998934	health	choicePhaseStart	6	354	54	foodImage.15	FOODEEG_Images\0189.jpg	YN	Right	No	0.961224499998934	0	1277982	253
2497.01171875	0	health	response	6	354	54	foodImage.15	FOODEEG_Images\0189.jpg	YN	Right	No	0.961224499998934	0	1278471	235
2498.0546875	1	decision	trialStart	6	355	55	foodImage.68	FOODEEG_Images\0685.jpg	YN	Left	Yes	1.16148279999834	0	1279005	251
2499.1328125	2	decision	foodImageDisplay	6	355	55	foodImage.68	FOODEEG_Images\0685.jpg	YN	Left	Yes	1.16148279999834	0	1279557	252
2501.201171875	1.16148279999834	decision	choicePhaseStart	6	355	55	foodImage.68	FOODEEG_Images\0685.jpg	YN	Left	Yes	1.16148279999834	0	1280616	253
2502.35546875	0	decision	response	6	355	55	foodImage.68	FOODEEG_Images\0685.jpg	YN	Left	Yes	1.16148279999834	0	1281207	234
2503.3984375	1	taste	trialStart	6	356	56	foodImage.50	FOODEEG_Images\0529.jpg	NY	Left	No	2.32864559999871	0	1281741	251
2504.453125	2	taste	foodImageDisplay	6	356	56	foodImage.50	FOODEEG_Images\0529.jpg	NY	Left	No	2.32864559999871	0	1282281	252
2506.515625	2.32864559999871	taste	choicePhaseStart	6	356	56	foodImage.50	FOODEEG_Images\0529.jpg	NY	Left	No	2.32864559999871	0	1283337	253
2508.8359375	0	taste	response	6	356	56	foodImage.50	FOODEEG_Images\0529.jpg	NY	Left	No	2.32864559999871	0	1284525	234
2509.87890625	1	health	trialStart	6	357	57	foodImage.5	FOODEEG_Images\0107.jpg	YN	Right	No	1.18927039999835	0	1285059	251
2510.935546875	2	health	foodImageDisplay	6	357	57	foodImage.5	FOODEEG_Images\0107.jpg	YN	Right	No	1.18927039999835	0	1285600	252
2513	1.18927039999835	health	choicePhaseStart	6	357	57	foodImage.5	FOODEEG_Images\0107.jpg	YN	Right	No	1.18927039999835	0	1286657	253
2514.1796875	0	health	response	6	357	57	foodImage.5	FOODEEG_Images\0107.jpg	YN	Right	No	1.18927039999835	0	1287261	235
2515.22265625	1	taste	trialStart	6	358	58	foodImage.68	FOODEEG_Images\0685.jpg	YN	Left	Yes	1.33620630000223	0	1287795	251
2516.30078125	2	taste	foodImageDisplay	6	358	58	foodImage.68	FOODEEG_Images\0685.jpg	YN	Left	Yes	1.33620630000223	0	1288347	252
2518.36328125	1.33620630000223	taste	choicePhaseStart	6	358	58	foodImage.68	FOODEEG_Images\0685.jpg	YN	Left	Yes	1.33620630000223	0	1289403	253
2519.69140625	0	taste	response	6	358	58	foodImage.68	FOODEEG_Images\0685.jpg	YN	Left	Yes	1.33620630000223	0	1290083	234
2520.7421875	1	health	trialStart	6	359	59	foodImage.60	FOODEEG_Images\0614.jpg	YN	Left	Yes	1.08259109999926	0	1290621	251
2521.810546875	2	health	foodImageDisplay	6	359	59	foodImage.60	FOODEEG_Images\0614.jpg	YN	Left	Yes	1.08259109999926	0	1291168	252
2523.873046875	1.08259109999926	health	choicePhaseStart	6	359	59	foodImage.60	FOODEEG_Images\0614.jpg	YN	Left	Yes	1.08259109999926	0	1292224	253
2524.947265625	0	health	response	6	359	59	foodImage.60	FOODEEG_Images\0614.jpg	YN	Left	Yes	1.08259109999926	0	1292774	234
2525.990234375	1	taste	trialStart	6	360	60	foodImage.44	FOODEEG_Images\0459.jpg	YN	Right	No	1.29573750000054	0	1293308	251
2527.03515625	2	taste	foodImageDisplay	6	360	60	foodImage.44	FOODEEG_Images\0459.jpg	YN	Right	No	1.29573750000054	0	1293843	252
2529.099609375	1.29573750000054	taste	choicePhaseStart	6	360	60	foodImage.44	FOODEEG_Images\0459.jpg	YN	Right	No	1.29573750000054	0	1294900	253
2530.38671875	0	taste	response	6	360	60	foodImage.44	FOODEEG_Images\0459.jpg	YN	Right	No	1.29573750000054	0	1295559	235
2532.4296875	0	n/a	blockEnd	n/a	n/a	n/a	n/a	n/a	n/a	n/a	n/a	n/a	n/a	1296605	254
